0.79205845239281 1
1.13716673164147 1
0.798865832150546 1
1.08134926752297 1
1.24747460135411 1
1.14465130592944 1
0.796411970178841 1
0.954237664788007 1
0.906350279050425 1
1.04890034340785 1
1.43894476298562 1
0.802352902796373 1
0.878754670085435 1
2.17327794970946 1
1.23945053594639 1
0.849774505730844 1
1.12222735061104 1
1.51310678704335 1
0.953903796895255 1
1.67091732690168 1
0.949444583035926 0
1.03032789068214 1
1.17836812133748 1
1.2490587865725 1
1.08933579040076 1
0.964240441873445 1
1.05208233070309 1
0.813792415371101 0
0.883921684099351 1
0.974247305738699 1
1.21560461841501 1
1.32253167580559 1
1.69809583890917 0
0.936594904073546 1
1.05134035707412 0
1.5037614062501 0
0.781699862969761 1
1.00194247282439 1
0.834470355368094 0
0.830001495566013 1
1.01765210984912 1
1.07098000253294 0
0.926504470431899 1
1.01866648064629 1
0.80704969473378 1
0.847650558742527 1
1.17212720771762 1
1.52392231164644 0
2.41155686980711 1
0.755509921983684 1
