0.462342827499712 0
0.741885921379531 0
0.683301455996715 0
1.65946495659703 0
0.844899457762822 0
0.785486122751945 1
0.46730858387098 1
0.609405022860347 0
0.63033332010177 1
2.05594150609691 1
0.845510537075266 0
0.761355897220993 1
0.507106332540046 0
0.821521835354431 0
1.43744473692437 0
0.444543761438009 1
0.658482177970153 0
0.422336470502443 1
0.747930019307334 0
0.640138210295731 1
0.588832603079056 1
0.406870442427579 0
0.532524259053711 1
1.20041788218473 0
0.525791950337234 0
0.495967476193047 1
0.64785917228528 0
0.591060563187174 0
1.02975801005848 0
0.977748740574916 1
0.510694217347551 1
0.807646277267893 0
1.20636654140772 1
0.829805134409135 1
1.23293089290947 1
0.643254483061339 0
0.875569837212944 1
0.754095135357054 0
0.556203122013291 1
0.63682909563359 0
1.0520432613957 1
0.523933550718772 1
0.711570277326948 0
0.889422625137769 0
2.45752252430208 1
1.32141602417397 1
0.574847768179528 0
0.592114944898374 1
0.844338310648989 0
1.11417541623576 1
