1.37950411039485 0
0.901737583284749 1
3.30896351020331 1
0.989282278112103 1
1.17847197540915 1
1.22727514918354 1
1.09048257159672 0
0.811835845390281 1
1.30474319456789 0
1.4528148009235 1
0.803829703181622 1
0.762691491449255 1
1.497773085767 1
1.21618156220504 1
1.59087882824444 1
1.23949312258752 1
1.05699913311966 1
1.09218185259779 1
0.851996293794453 1
0.713174488821508 1
1.27540037100387 1
0.690603007943705 1
1.11225248437855 1
1.50056050277181 0
0.912798088627492 1
1.97446213679018 1
0.666522453195054 1
0.760259861600662 1
1.06975215435358 0
1.01936068755686 0
0.882258616551139 1
1.35112287416378 1
0.832277510070888 1
3.25633025381863 0
0.884652883657541 0
0.769630821348472 1
2.51495389135682 1
1.7649071759831 0
2.94585260180758 1
1.08085556064535 0
0.920441065323256 1
1.6525037272308 0
0.735230570326829 1
1.00540600995815 0
0.953955820777243 1
1.09051795269031 1
1.10754023453291 1
1.4728547624068 1
1.65250259602866 1
2.08287322441616 1
