0.765611876475813 1
0.6315359421448 1
0.633320190943058 1
0.768435741878155 1
0.841014127845656 1
0.624351176294716 1
0.59671449084564 1
0.512944634716271 1
0.491247756225131 1
0.572864885271073 0
1.17981088288637 1
0.60316774335452 1
0.600748104087271 1
0.628198896654175 1
0.760801151940171 1
0.974419824701707 1
0.508018695161954 1
1.0081067906411 1
0.652210524066916 1
0.771622689182021 0
0.715760350253347 1
0.837444736268237 1
0.501477003537257 1
0.569166876143093 1
0.977956038911157 1
0.541216614144653 1
0.751045618708925 0
0.720282539928767 0
0.718294185408947 1
0.70574163819567 1
0.506441236813682 1
0.534987252006718 1
0.673533289099533 1
0.627474808480608 1
0.773737432414632 1
0.973163130617042 0
0.761302000331341 0
0.544185890577709 1
0.720943280412353 1
0.868709175798989 1
0.600043781232157 1
0.59491030918792 1
0.846952373819694 1
0.688533947009181 1
0.629184075169239 1
1.27161058108781 1
1.27139525257892 0
0.601555937587136 1
0.95790028581353 1
0.562325363645467 1
