0.891563236943444 0
0.968305999935809 1
0.506304735922539 1
0.602102818652479 0
0.445524151779492 1
1.00551273017227 1
0.623657090247435 0
0.687776416954417 0
0.556754548343457 1
0.65134904639726 0
0.705168515636104 1
1.14521903863875 1
1.00685406806335 1
0.664239984125315 1
0.676888174031034 0
0.444088374588369 0
0.672181643528983 1
0.639796573136892 0
0.902313333644638 1
1.24701610738296 0
0.419251062066165 0
1.1137031805172 0
0.454588719059441 0
0.878982180349235 1
0.521128667568406 1
0.689052145067393 1
0.575275889587878 1
1.01797491649896 0
0.542230208643936 0
0.860283763286352 1
0.608710861870256 0
0.867553199807225 1
0.481207784183227 1
0.480509249419734 1
0.476082656787707 1
1.05175134403835 0
0.510465224022268 0
0.535183870265376 0
1.20316553646065 0
0.628710614506164 1
0.968885774625282 0
1.05347692639398 1
1.02375909876542 1
0.454131089008394 0
0.656605426448851 1
0.537286036011708 1
0.509528069840016 1
0.552108244836552 1
0.506415238791024 1
0.528349953284456 1
