0.646870502788483 0
0.762261100333892 0
0.721316221278935 1
0.779726561068514 1
0.95471863706026 1
0.568144152422045 1
1.44012485675758 0
0.743278703956317 0
0.976631951531119 1
0.823796371113164 1
0.717491422832995 1
1.02299354200252 1
0.937899846507423 0
1.03906600890125 1
1.10321112699921 1
0.777411273903377 0
1.09433723490285 1
0.618595962169768 1
0.684236330877949 1
0.673364129005964 0
1.178310996134 1
0.752195837549229 1
0.835795975019292 1
0.60853381566761 1
0.89243087710951 1
0.827900677463464 1
0.745238903170934 1
1.91386794224867 1
1.25648020131417 1
0.765800920542681 1
0.882623051296789 1
1.5033113775655 1
1.29953738331435 1
0.751854434461879 0
0.665114933977636 1
0.809869535988278 1
0.748825360331177 1
1.11764870818333 1
0.906251509713153 0
0.643954451342976 1
0.576020518458516 1
0.634605219188803 0
0.91043615403029 1
1.31924927874281 1
0.733730319517656 1
1.11005140050571 1
1.17140054444032 1
0.658012822341522 0
0.602257337391335 1
0.545103181398485 1
