0.551846049898835 1
1.63063922230478 1
0.704953143692054 0
0.93454712257072 1
1.92040164334379 0
1.16532919094047 1
0.551961390816943 1
1.30136194025023 1
0.750000951974616 1
2.92373382415977 1
0.639224663547303 0
0.646475213502506 1
0.535110731354859 1
1.3103326097647 0
0.503152896890503 0
0.7830171127154 0
0.523940893483421 0
1.1815509959953 1
0.87709802941946 0
0.809745010414223 0
2.17773756694215 1
1.30489768859882 0
1.17058973420086 1
1.32464076722294 1
0.804045670511141 1
0.710723265338969 1
0.764531903829892 0
1.38182721725017 1
0.647957892276233 0
0.784531866053349 0
1.13115667317484 1
0.631957432026444 1
1.01241003586359 0
1.18290167999009 0
0.627641418725513 0
0.815365769942666 1
2.02090504760205 1
0.657332807907328 1
1.21760930432729 1
2.00996882571574 1
0.628682039655768 1
0.694840390517582 1
1.22353578269088 0
0.728789557519797 1
0.823708157126212 1
0.581053231668605 1
0.593926649359121 1
1.29629273457043 0
0.830918373461264 1
0.6748255992141 1
