0.716756837823582 1
0.862186972931726 1
0.720879984244715 1
2.31267082845081 1
1.37028788072548 1
0.745377707500057 1
0.741468007523124 1
1.29731773648107 1
1.7568504832694 1
0.962770963792736 1
2.23401355945455 1
1.38269373803012 0
1.07673950316607 1
2.08799900896331 1
0.907179215809093 1
0.731470376911241 1
0.737164029595358 1
0.981591569218245 1
2.15270921026206 1
1.02565736262311 1
0.72325924115389 1
1.07956963248879 1
0.805247252139586 1
1.03242733625706 1
1.15597058380541 0
1.15257550643649 1
0.802445073323527 0
0.787958770033531 1
1.04817666371402 1
1.00084771179145 0
0.725332730652907 1
0.720690246995646 1
1.1016990595005 0
0.863134612447273 0
1.05665358565691 1
0.918849461181833 0
0.863190247508177 1
0.730442577848046 0
1.22594992847934 0
1.19620095579742 0
0.771118548160425 1
0.659707337430092 1
1.62043375082085 1
0.72952668732449 0
0.937957325813088 1
0.81614755260968 1
1.06373457381492 1
1.34623886790526 0
1.99971818409255 1
1.00727385374702 1
