0.520490959301991 1
0.447224311830938 1
1.94453879560878 1
0.340383301555294 1
0.465214253767755 1
0.487958073826356 1
1.13078538599209 1
0.522090546036498 1
0.459537133099075 0
1.00764785204765 1
1.12283295287244 0
0.419781404513038 1
1.70042975311055 0
1.75801603324175 1
0.721872129087849 1
0.673941899319055 1
0.356496714591196 1
0.602636918458623 1
0.635188442665382 1
0.560321874227982 1
0.656610084247619 1
1.48309121728157 1
0.525399775884636 1
1.74564671470265 1
0.925390187266988 1
0.705317117706824 1
1.81371709517538 1
0.617000111081244 1
0.863587464711801 1
0.376361559663002 1
0.553024517010354 1
0.336366506725565 1
1.09313240655122 1
0.419025463751361 1
0.671616655332954 0
0.648473800162007 1
0.350608360744444 0
0.416167092572543 0
2.24448634246289 1
1.11381934921597 1
0.718898335935233 1
0.475040357807726 0
0.436418834887085 1
0.619813077310017 1
2.14863176098527 1
0.465586062832388 1
0.563080138360549 1
1.09319419443726 1
0.321274221930118 1
0.86522356437939 1
