1.42798501519041 0
0.667303750986236 0
0.670068954572565 1
0.723784604696139 1
0.600799423804605 1
0.7336762386607 1
0.583718425960572 1
0.703790278117655 1
0.890092898816163 0
0.761480437607044 1
0.858983073524029 1
0.824225274553322 1
0.910553399084785 1
0.833377997685858 0
0.878462056247352 1
0.865251459224248 1
0.884345341708446 1
0.81356862948483 1
0.950145995239192 0
0.684051905757036 0
1.69088603317653 1
0.647050628566036 1
0.850545086454284 1
1.79012761162029 1
1.00363916523109 1
0.702786422910152 0
0.698297016080322 1
0.756625085431951 1
0.949714511169253 1
0.856286974179858 1
0.956519910062588 1
0.600880417401008 0
0.853291852122631 0
0.629328405893041 1
0.732825683552172 1
0.701236776840709 1
0.559945512583471 1
0.609002562807033 0
0.771628828644324 1
1.29210952318015 1
0.610094107469812 1
1.33602720789289 1
0.573829317302638 1
0.709006411739944 1
1.30399331615496 1
1.0903369519132 0
0.815945648872432 1
0.62016956085537 1
0.953766577726874 1
0.818499292202831 1
