0.732956473634335 1
0.536046262123183 1
0.86426917884661 1
1.36092673661155 1
0.841271130203136 1
1.21071493515847 1
0.595077729039121 0
0.929621494797098 1
0.58622599713802 1
0.593861992649839 1
0.750617633059616 1
0.784249837016825 1
1.17326538331936 0
0.598748084066441 1
0.724916666035012 1
0.780388455821036 1
0.758961028817878 1
0.714649895881796 1
0.69970924535202506 1
1.476889714513 1
0.69452307338673 1
0.925781971860418 1
0.66085300001123 1
0.891080910653363 1
0.758855444882995 1
0.634011510382827 0
1.51767059288565 0
0.886277024281302 0
0.604230649930218 1
0.784491668205836 0
0.690884843481562 1
0.667168944736708 1
0.617009208747961 0
1.30891987137373 1
0.932399984179774 1
0.810818374526711 1
0.552651185560018 1
0.902017643560988 1
1.07916615354497 1
1.02082878307755 1
0.586446871592817 1
1.3680359015371 1
0.518065537960044 1
0.779642956848995 1
1.2200717568734 1
0.695908389629731 1
0.828193358812272 1
0.518208254173378 1
0.687862792461273 1
0.575512854563162 1
