1.57764560116209 0
2.62650060046315 1
0.651637362528565 1
1.00354957564709 0
1.05016168706067 1
1.2669216732005 1
1.11553627054422 0
1.3242224403186 1
1.10007564396354 1
0.755306669600943 0
0.712278954753926 0
0.799823533529123 1
2.04084451615465 1
0.705406460161918 1
0.692186293775312 1
1.01269793619999 1
1.74702019069634 1
0.935192180171848 1
1.84418354528715 1
0.764147144139278 0
0.994095334776162 1
0.66029971179754 1
1.12286328613606 0
1.26640988695604 1
0.735703134875908 1
0.714836513586661 0
0.989875307556856 1
1.31457475499353 1
2.31804547224742 1
1.29184997766812 0
0.676387080112259 1
0.683321558984828 0
0.714416529518035 0
1.21089764188693 1
0.830611204255139 1
0.740164052017607 0
1.14841990925411 1
1.18341684281689 1
0.816934325666649 0
0.724311965894037 0
0.867141546613351 0
3.10978020548401 1
0.759563322483072 0
1.03041059367411 1
0.614780253989385 1
1.89490728590443 1
0.870389117088714 0
1.41976678468543 1
1.14396320025754 0
1.0246219700346 0
