0.602998067103879 0
0.589549906390982 1
0.578611548638249 1
0.790098850595134 1
0.537677252901037 1
0.620089704402903 1
2.52801643196964 1
1.40687878379568 1
0.790549083014589 1
0.674251616436967 0
0.715846399063611 0
0.745062435037196 1
0.63445899356277 1
0.694872812866679 1
1.11750567030985 1
0.541495052249518 1
0.733813601394266 1
1.10578277853731 1
0.916842392225664 0
0.521626256002953 0
0.59972098404686 1
0.822941291874096 1
0.541389930749899 1
0.698096875594737 0
1.18213408779204 1
0.747951625485721 0
0.970592087185482 1
0.592388117145524 1
0.937742921740295 1
1.03416718032564 1
1.62415850156235 1
0.562418033305603 0
0.851937603847428 1
0.806049866984334 1
1.97403674847605 1
0.710342046417734 1
1.13963159019016 1
0.875941132617875 0
0.899599972491845 1
0.681861685499627 1
1.1157964944423 1
0.825350433112728 1
0.547168252108438 1
0.908107503898723 1
0.94921400496828 1
1.0950406873635 0
1.01245957834442 1
0.762955570389937 0
0.770213382384872 1
0.612518944727112 1
