0.701574508705838 0
1.12145152396881 1
0.917649932309882 1
0.608347237522675 0
0.769695987323475 1
0.619391971979479 0
1.09689499156868 1
0.669120998197196 1
0.505822520474864 1
1.17593660107849 1
0.745617690394926 1
1.4391669563844 1
0.965942249002253 1
0.731788736572869 0
0.822217203148035 1
1.63242008613749 1
0.929871686172499 1
1.43553222154718 1
1.52470281336598 1
1.21073949569765 1
0.975367601135051 0
0.63939976308435 0
0.959599252903918 1
0.858072648839838 1
1.2597302446526 0
1.16333975689091 1
0.634410414091063 1
2.05667701907481 0
0.772196665435002 1
1.05044192484358 0
0.656443623822238 1
1.38720715072407 0
1.36254228410849 0
0.847649332792033 0
0.65020926269626 1
0.784751905589382 1
0.628053840117814 1
0.764688199051099 1
0.678698929649891 1
1.44806831931889 1
1.28793217178986 1
1.24463393748296 1
0.60104085470953 0
1.10522237325824 1
2.01358726306341 1
1.07619133440272 1
0.59801884553632 1
2.86642186751962 1
1.05414456614264 1
1.66319567063544 0
