0.72951322895721 1
0.952886300641229 1
0.617810178355004 0
0.695295912476411 1
0.840098986201394 1
0.668294311395946 1
0.789419945524741 0
1.69441960454648 1
1.26698765156522 0
0.697109925549211 1
1.02275846145609 1
0.667230644936091 1
1.22832787368411 1
1.02083485616894 1
1.06201489906701 1
1.1357657092692 1
0.897267623147907 1
1.6155716333858 1
0.6302033782337 1
1.85689778581614 1
1.10646073167824 1
1.58903554540159 1
0.751337135150992 1
0.844736684960201 1
0.943539346974586 1
0.848947237735521 0
0.597487242117852 1
1.01165267047311 1
0.671654526361024 0
1.00717638908492 0
0.614857343524642 1
1.11820176927626 1
1.43635864269675 1
1.33224812120351 1
1.69577460160639 1
0.769193260937232 1
0.962547481693407 1
1.20093157952355 1
0.825580258752948 1
0.686555599646709 1
1.54412031365831 1
0.757911459466177 1
0.616514797512068 0
0.664742802596218 1
0.850440646744537 1
0.768776195704117 1
1.37877710593455 1
0.831646894835598 1
0.758791186492006 1
0.745939308517502 1
