1.01331438978917 1
0.905080506202037 0
1.63727862992946 0
0.996507364364716 1
1.0553723350301 0
1.80893026767961 0
1.36075373130413 1
0.782183805236738 0
0.87383710231009 0
0.785457442150782 0
0.928511451441931 0
0.871210335413594 1
0.735448972385156 1
0.766495818364884 1
1.11429992859158 0
0.98157728940296 0
0.847382221917762 1
0.848288986165635 1
1.44825216850415 1
1.03009952421871 0
0.890367708408378 0
1.00386252573128 0
1.03853269982011 1
0.830299020870878 0
1.27330033301345 1
1.07476255171609 1
1.40564511020911 1
0.798749974635467 0
0.806733656743041 1
0.851346249742721 0
0.793694042356667 0
1.4147841622146 1
0.980749953617911 0
0.823563813032373 0
0.802019288746879 0
0.877257897494305 0
1.00028767375131 1
0.80436242154594 1
0.774421702971212 1
1.38314266801064 1
1.13455481823362 0
1.33527408995342 0
0.917636393366114 0
0.901242447269335 1
0.999852478635913 1
0.823017025671603 1
1.11138821549056 1
0.868722967674621 0
0.781392265150795 1
0.769213276631512 0
