0.786409856997505 1
0.914924737536385 1
1.40195350910961 1
0.795106219980028 1
0.761936577956607 1
1.14918695775468 0
0.677827476416592 0
1.11039269933251 1
1.21777757174969 1
0.933399852564363 1
1.31168745858061 0
1.07415734954156 1
1.19550531178864 0
0.697351817779913 1
0.818026422994946 1
0.777108651892909 1
0.930253005407431 1
0.700257010979076 0
0.909759848420053 1
1.40545316307277 1
4.35553030005194 1
0.75667384807734706 0
0.760518918699762 1
0.95135303358016 1
1.52408578413748 1
0.773916754307668 0
1.84591361779631 1
1.05074770098811 1
0.634404277263704 1
2.88245455955945 1
2.08973208156794 0
0.973115106950692 1
1.56653076984089 0
0.807444035413321 1
0.763614166705854 1
0.633728128376412 1
0.838935303883473 0
0.796684057872413 1
0.839150692557582 1
1.62308345206921 1
1.03907187673882 0
1.36573937254415 0
0.921514050288866 1
1.34120110190132 1
0.670525069931779 1
1.06152839573346 1
0.964354638595815 0
0.650847563499266 1
0.839322792370901 1
1.07159817251599 1
