0.568766277233629 1
1.15329074259342 1
1.50998437761725 1
0.870068742371837 0
0.642678295683499 1
0.67169770915551 1
0.990630814968209 1
1.64883621371576 1
0.679775452610136 1
1.31408861210584 1
0.468079273420854 1
0.446085526072124 1
1.47661181755178 1
0.466856779675835 1
0.956692313501362 1
0.481716685113644 1
0.95922349699589 1
0.980873633358782 1
0.60093302170976 0
0.515823499424575 1
0.889469430115718 1
0.545742514724305 1
0.653864932013364 1
0.519051600749764 1
0.546623347140555 1
1.23099735376631 1
0.760580506012139 1
0.740785851672156 1
0.652795010976894 1
0.564319716781349 1
0.434130324300895 1
0.786710441300521 1
1.55249240304368 1
0.444254879245457 1
0.638526750054978 1
0.76758185036689 1
0.444123168858709 1
0.547340238032455 1
0.50323927631574 1
0.503344117906285 1
0.607793769442416 1
0.518076923849348 1
0.53985158455145 1
0.580850348002804 1
0.722685509790205 1
0.723292681414377 1
1.04055926052855 1
0.566334877165535 1
0.81795154095138 1
0.800397501451047 1
