2.38918094063604 1
0.711632939855405 1
1.3166254297626 1
1.61737894333224 1
1.64045298109221 1
0.542848211599583 1
1.19068445727651 1
1.38629574763198 1
1.5408193375802 0
1.47277802688266 1
0.742262781432547 1
0.55392294714626 1
0.732848675099036 1
1.08560159397314 1
1.45425132322491 1
0.899506959549995 1
0.960960325057548 1
0.642112054356929 1
1.71054752674004 1
0.781510240303987 1
1.83674905449801 1
1.33821720929523 0
1.60720031754802 1
0.923493428543035 1
2.28074956695754 1
0.869489585919088 1
0.638274136146503 1
0.920110955307782 0
0.927314157804906 1
0.631469790711652 0
0.660915192833937 1
0.829971087554654 1
0.748723197586212 1
0.577267514688408 0
1.43297944296207 1
1.17793413554583 1
1.68670307645069 1
1.07164629206118 1
2.69712846451195 1
0.65738102755169 0
0.776636309501878 0
0.713199501215137 1
0.838959728980926 1
1.3881916152338 1
0.726142332100525 1
0.870330513574897 1
1.11706075710903 1
1.36287756259357 1
1.46700171617845 1
0.935440117795019 1
