0.643357451846062 1
0.786734617997238 0
0.658707033389097 1
0.963707692919064 0
0.653461483522854 1
0.718448656544525 1
0.971423091972753 0
0.835273022463271 1
0.654830283129252 1
1.17575426466435 1
0.782763346262462 0
0.846194521526243 0
1.16987752992226 0
1.06169205945275 1
0.652504029368724 1
1.55755135662016 1
1.03543094875092 0
0.832156380153592 0
1.11532318605583 1
0.63623406488785506 1
0.711354443288452 1
0.85559237268654 1
0.62700782277864 1
1.04707141862601 1
0.733750329764061 1
0.657577584445128 1
0.985781083755221 1
0.819136445756475 0
0.748598782040243 0
0.830202087532477 0
0.720840773649735 1
0.635325579674283 1
0.65531768492802 1
0.676006284429154 1
0.726974606806233 0
0.794385891390853 1
0.74565913527102 1
1.00988891157722 1
0.83187740001084 1
0.728834694118204 0
0.651550131731289 1
0.741160519875885 1
0.904195159597905 0
0.78391767490068 1
1.20503615872033 1
0.672503086554411 1
0.927727174287606 1
0.941438353970583 1
0.700854705598944 1
0.790699313907048 1
