1.16646674039628 1
0.754142131077156 0
0.802339573126339 1
0.67284246259092 1
0.713460120996004 1
1.23650469345294 1
1.0885740652618 1
0.675219141409908 1
1.26396720529929 1
0.738035373879181 1
0.896541483686658 1
2.71979167311781 0
0.919034581023461 1
1.09535663342505 0
0.740708859329916 1
1.4763932944948 1
1.40497966384558 1
1.08709080136246 1
2.10157738398078 1
0.754481774613512 1
1.72308713721567 1
1.32148140202785 1
0.694503957268443 1
0.702352255139812 1
0.810136834443454 1
1.97340872268077 1
1.75778423614073 1
0.941466798852852 1
1.02907775604242 1
1.32983008194803 1
0.929713167333459 1
0.711765399625961 0
0.873217570754275 0
0.718885271430549 1
0.749383151594883 1
0.891584723721621 1
0.912666233255942 1
0.864380580018238 1
0.746826107044541 0
1.20966361184236 1
0.769753133412601 1
0.907055650233924 0
1.99554536380648 1
0.763320838689208 1
0.938104106824954 1
1.27733150866114 1
1.16644929503311 0
0.896178093057627 1
1.45798730295099 1
1.38850186162614 1
