1.02894588887891 1
0.651257324427051 0
1.32534326442022 1
0.84981976737941 0
1.99680712129624 1
0.672462541008034 1
0.661016644855224 1
0.672808167047383 1
0.994780853014781 1
1.69391314949357 1
0.90547571227843 1
0.742565531426813 0
1.38033382796108 1
0.648045672985663 1
0.698030313368113 1
0.631857743120757 1
0.891809874984623 1
0.616864576038523 1
0.805551167463347 1
0.99343618524344 0
0.855276020858976 1
0.86871824483592 1
0.882209154275767 1
2.18481870440017 1
0.617068875345222 1
0.803625541955925 0
0.949874811916083 1
1.24718923534131 1
1.22650078719041 1
0.767072309737786 1
0.904483615746634 1
0.989138614702322 0
0.700396574832417 1
1.25074796027097 1
2.82796347520453 1
0.901606835147934 1
0.9767194232328 0
0.656383995114717 1
1.06374283507903 1
0.918170683902029 1
0.797549626806734 1
0.756338716847582 1
0.766377548715269 1
1.13098867146928 1
1.05520278067996 1
1.69369764460892 1
0.844790681328841 1
0.630296004416174 1
0.798755477645134 1
0.77453314889171 1
