0.964667707742677 1
0.643835959900609 1
1.05160935704636 1
1.00674074916664 1
0.67559195832746 1
0.714236221917238 1
0.822861313657958 1
1.03705145844589 1
0.779919011268697 1
0.681668412130707 1
1.06026028403826 1
0.953975594534987 1
1.21913570341493 1
0.723857972817585 1
0.662939556283387 1
0.799228313953967 1
0.6567998577882 1
0.609244242763595 1
0.79474732288235606 1
0.766434964717719 1
0.81811162041821 1
0.72670403473443 1
0.592228926684058 1
0.907928314034767 1
0.997042060798226 1
0.881090534239056 1
0.639608158973507 1
0.691177920054372 1
0.671906377075293 0
0.931173437832794 1
1.05675383525484 1
1.40120148766611 1
0.846984636929945 1
0.800754392831567 1
0.689932274286253 1
0.772617880997575 1
0.774663546916837 1
0.782377852081578 1
1.09447255416635 1
0.808272757386657 1
0.632405775057712 1
0.661634409813646 1
1.06245202377086 1
1.15713731277211 1
0.598325091438208 1
0.634510762978296 1
0.69120094609939 1
0.926822132930031 1
1.27930656158183 1
0.617741663210339 1
