1.2790006473943 1
0.814128190248934 1
0.60004426440906 1
0.73003713005352 1
0.982190113564838 1
1.01207735809114 1
1.32599926050862 1
1.19239584327596 1
0.60313223389957 1
1.13135143736516 1
1.21824715767309 1
0.759294763938891 0
0.852377702299322 0
1.31390721160021 1
0.561501054877774 1
0.646017887616823 1
1.08823682368143 1
0.536902578352598 1
0.963450494848274 1
0.873579134705024 1
0.529499194848273 1
1.09242784533266 1
1.07660430446831 1
0.569946003564911 1
0.838776030029931 1
0.596511890719853 1
0.524793007789273 0
1.2274223055693 1
0.551705833236248 1
0.96877663472095 1
1.32890641393753 1
0.858522737423574 1
0.846884913593724 0
0.941954471251491 1
0.609430282306548 1
0.802764817848243 1
0.549639389103937 1
0.655785720094702 1
0.565715485877061 1
0.584677992933335 1
1.05060716995644 1
1.09351080295139 1
1.12558365313508 1
0.800960043907437 1
0.962764023107512 1
0.70282628146205 0
1.43179948158499 0
0.90815629537928 1
0.854481429556884 1
0.928103658784491 1
