1.44760759612962 1
0.758335827218813 0
0.843053669425702 0
1.81449028789397 0
0.937320892170306 1
0.896360296971473 1
0.752675017100497 1
1.36035043486382 1
1.27975331745936 1
1.07741531012103 1
0.994454700332623 1
0.815981747280541 1
1.24582505958785 1
0.780726165584558 1
1.19452043083181 1
1.0861950303508 1
1.0749364236575 1
1.23780162125425 1
1.08572114280397 1
1.78734405110076 0
0.935823616225416 1
0.916533328369785 1
0.850728396633537 1
1.08697917453907 1
1.01373343805854 1
0.867516722457844 1
1.02556587462401 0
1.72884304685764 0
0.778269665978613 1
1.37462420505839 1
0.841083324795704 1
0.802466119241298 1
1.09618680458821 1
1.58230914721159 0
1.07092730842047 1
0.74167650261491 1
1.00312264845469 1
0.91506752853555 0
0.927425265990402 0
1.10003463748365 1
1.4980427773859 1
1.08812097144068 1
0.807735593173096 1
0.944034286733346 1
0.836559691316065 1
1.02555472645619 1
0.822421444488611 1
1.36425082197769 1
1.17552211518495 1
2.15147213138601 0
