0.859209534593327 1
1.0500280793356 1
0.734227251964021 1
0.788643381863149 1
0.724690797901636 1
0.697859127057946 1
0.871210033572871 1
0.82227595812814 1
1.07391754440273 1
1.07216548257635 1
0.985087905782853 1
0.594031214476536 1
0.919265352243253 1
0.659226556720504 1
0.726179971242722 1
0.931768879951726 1
0.765598854602561 1
0.613697481602611 1
0.594042199000229 1
1.05818605193455 1
0.790479966368431 1
0.770804920152805 1
0.992504105204691 1
0.720914000966425 1
0.943700458206407 1
0.87963157864189 1
0.590779825675202 1
0.882058762002031 0
1.09131930573321 1
0.849455965596562 1
1.13386407856544 1
0.933227247016598 1
1.48939293381123 1
0.674288212302369 0
0.780961983826943 1
1.26889508799357 1
0.996429999451429 1
0.910948714472559 1
0.826560825637118 1
1.10531037832816 0
1.11456495057327 0
0.861193409706234 1
0.56173467320938 1
0.774740735876847 0
1.3114667008253 1
0.851352944479418 1
1.79542488337985 1
0.651854329902854 1
0.944907611149186 1
0.626183572550142 1
