0.757968307261588 1
0.75514850999189 1
0.721475236861275 1
0.778093625149997 1
0.616115742771817 0
1.18515272866542 1
0.650542339881795 1
0.707617377269592 1
0.589034104141311 1
0.752321694803605 0
0.607178509491359 1
1.01965398955223 0
0.615367813848384 1
0.670458197764133 1
0.768261997792937 0
0.747407733613651 1
0.84372926608972 1
0.624225112471003 0
0.891778119922747 1
0.70633693478216 1
0.758263854765012 0
0.733072310507395 1
0.657278756305857 1
1.09177472878013 0
0.77612620073165 1
0.892589598907694 0
0.700839916578955 0
0.603782684147645 1
0.63367866830435 1
0.66457044704734 1
0.711243355039761 1
0.662225705449428 1
0.666460494374226 1
0.800656921466911 0
0.679568299322291 1
0.939228486982792 1
0.722528974721312 0
0.813215129335189 0
0.937587626398329 1
0.651259376540636 1
0.786455299034072 0
1.2330019724114 1
0.765522634206151 1
0.748437834549656 1
0.591215335091827 1
0.783306963266626 1
0.666463295166028 1
0.89021103856658 0
0.613355972960761 0
1.04028730541152 1
