1.183438569614 1
1.67423939918207 1
0.914334654997925 1
0.96615213647512 1
4.04875560813094 1
1.01372748591851 1
1.00583958072862 1
0.841426850989534 1
0.756785675139769 1
1.02579176182773 1
1.37090532532442 1
0.827888499720163 1
0.976829403554254 1
2.12073645851383 1
1.67998016290815 1
1.03629130413258 1
1.16820013810245 0
0.811308879463162 1
2.53163119173679 1
1.76727150284961 1
1.8310163806196 1
1.8065543230188 1
2.06040240631102 1
2.38602630834485 1
1.18573902507611 1
1.1012139097024 1
0.993746308342744 1
1.37331539609845 1
1.41541495564035 1
0.93390578555573 1
1.07239430816312 1
1.29445948378953 1
0.895701811217728 0
1.20433158200519 1
0.868790715428617 1
1.17664727583312 1
1.14222724440275 1
1.10787383776702 1
1.0231858099016 1
1.80980968608187 1
1.43779747160068 1
0.847003168228522 1
0.873192305330326 1
0.803024257022121 1
0.962627271393607 1
1.03505116310409 1
1.09834530121094 1
1.77826040439114 1
0.988903506808849 1
1.43017049246508 1
