0.622463205930474 1
0.64640670230182 1
0.689553135807333 1
0.81975996275723 1
0.738589716743741 0
0.98991903194224 1
0.783449336018996 0
1.47204751485992 0
0.668093786552888 0
0.930582008017881 0
0.740759200221027 0
1.23007015903439 1
0.759874165101072 1
0.703660100363138 0
1.51704306543255 1
0.700066958045443 1
0.749296145185033 1
1.41846802638847 1
1.20696999796309 1
1.86111508471414 0
0.871851088866703 1
0.995006570119503 0
0.861580067847829 1
1.30447280780927 1
0.769998781822592 1
1.0352993352098 1
0.68414016104517394 0
0.703201638160108 0
0.9627248100936 1
0.705646323424001 1
0.688852432147976 1
1.06558692776064 1
0.746986206445734 1
1.03112732738184 0
0.807682973898687 1
0.638775023742666 1
0.729656074884994 1
1.35216250514388 1
0.865490045231664 1
0.729463571847114 0
0.812248727068485 1
0.662976925323555 0
0.67311087298385 1
1.15781009778311 1
1.06206490488167 1
0.755265305265221 1
0.919397675075649 1
0.660763879284446 1
0.784767665980549 0
0.776733332011815 1
