1.21897234909952 1
0.695880886765497 1
1.10098165564413 1
0.70255103326705 1
0.608780386127164 1
0.9358728265798 1
1.36591848577292 1
0.78878648628693 1
1.01657698097093 1
0.77952648399073 1
1.18027309993139 1
1.59769753758825 1
0.64860554860607 1
0.84876448887876 0
0.661512019113058 1
0.630689272396756 1
0.985767014184929 0
0.904040006701605 0
0.874168006933298 1
0.686095200570246 0
0.603399443796149 1
0.63835419459801 1
0.834560965434554 1
0.972280024725689 1
0.638701126243437 1
0.983749716098759 1
0.964041088243039 0
0.911937172699035 1
0.644690372398097 1
0.734798484425087 1
0.85289361172527 1
0.68174818787699 1
0.714670114850721 1
1.25795814828332 1
0.630886866089637 1
0.76149726488824 1
0.699370102841797 1
0.743845407856806 0
0.686926461448452 1
0.627964294458534 1
0.899695664811754 1
0.74054614740120694 1
1.05843818297977 1
0.974991844521584 0
0.777918867750534 1
0.619757725366352 1
0.977190878242641 1
0.631074778684766 1
1.30402077466754 1
1.21829282957184 1
