0.513136713261388 1
0.750937341604886 1
0.640416405532636 1
0.633934371007144 1
0.707693949632057 1
0.625720286539581 0
0.692681672771035 0
0.647872726162867 1
0.800552933866799 1
0.60200693658721 1
0.894416874741736 1
0.555763957522364 1
0.702948506060352 0
1.01253650392111 1
0.701446855460858 1
0.530914416827456 1
0.638647539534365 1
1.17694141533644 1
1.13728078812315 1
0.590934290274578 1
0.899784255068903 1
1.06288914214743 1
0.821934089572306 1
0.684664150496931 1
0.571730262711925 1
0.647921108356749 1
0.598730051871306 1
0.504436758547078 1
0.959538525055562 1
0.750330837423349 1
0.591004564939987 1
0.608917559055189 1
1.05712615112804 1
0.729041180883783 1
0.978856041079253 1
0.612417395742825 1
0.935197970112253 0
1.25265789512146 1
0.719427195345226 1
1.20010351244625 1
0.717113792979668 1
0.830603642997464 1
0.645037217277624 0
0.740603453981895 1
0.530414224732229 1
0.620712730763042 1
1.53568095833298 1
0.612638850267278 1
0.854137936443041 1
0.773715578186616 1
