0.604353985147108 1
0.463016713360655 1
0.84228763354506 1
1.08269421795238 1
1.57448345567941 1
0.562397962684134 1
0.506616293042175 1
1.13907649481905 1
0.48376111012376 1
1.94010108996459 1
0.516129816677567 1
0.440633964695151 1
0.530121754178195 1
0.591349744724467 1
0.642341169828753 1
0.467211791543279 1
0.517658517839806 1
0.863338744335307 0
0.765543221804128 1
0.450433851821168 1
0.515781333917857 1
0.705765415878997 1
0.45406782894161 1
0.861083135365417 1
1.05035489207828 1
0.730734057736932 1
0.713192539064239 1
0.769533885832613 1
0.515105335795783 1
0.938511076073999 1
0.664156179075378 1
0.782249112695202 0
0.885535053805018 1
0.479274859556232 1
0.524848081944737 1
0.733550039189531 1
0.911302138343692 1
1.21709715246533 1
0.720236293702026 1
1.93448753911895 1
0.597207202467571 1
1.03533328382247 1
0.715440400358237 1
0.712007068194493 1
0.570651383404298 1
0.460255660637848 1
0.51801710386044 1
0.571942350284167 1
0.539966094961956 1
0.70527088031432 1
