1.67895231798242 1
1.06681415720018 1
0.921234482926712 1
0.835947315523713 1
0.878533195642888 1
1.70992503044838 1
1.16060571042775 1
0.855722729697935 1
1.23794200141997 1
0.916569380474886 1
1.03409985061274 1
1.10158876073432 1
0.817994550493214 1
0.937828398809743 0
2.01144093228584 1
0.876799874022375 1
0.939465650301888 0
1.27541718502898 1
0.899728310431655 1
1.09475225493622 0
1.32433612424624 1
1.21266556234989 1
0.917412445774093 1
0.905152673530246 1
1.05071862164564 1
0.952695009701249 1
0.772162138804694 1
1.02955788079933 1
1.18334685167579 1
0.982855675898106 1
1.27374269293709 1
0.923587010685028 0
1.17433078232577 1
0.848830037275329 1
2.97489925103042 1
0.887626100685051 1
1.17093766196563 1
1.02489723283808 1
0.99617605243964 1
0.844168853525113 1
1.42142670547206 1
1.65846673391092 1
1.01769778186162 1
1.29875502202328 1
1.11795794446734 1
1.07462141751526 0
0.854523266934501 1
0.948068526654192 1
1.12201277911412 1
1.86154615352044 1
