1.53494327303499 0
0.964069518777109 1
1.81903573111285 1
0.777778855031383 0
1.534859276302 0
0.626898552997205 1
0.830257834956432 0
1.51155875052765 1
0.641523265654729 0
1.08595331792236 1
0.630162557071485 0
0.954899892392665 1
0.690841415971567 1
0.946078473607222 0
0.727643069154413 0
1.35337557878022 1
2.07260178033795 1
0.676659571539267 1
1.64376881819805 1
0.92188168811962 1
2.31749517927801 0
0.955537827212668 0
1.3950995498417 0
1.09460651657951 0
0.743385925298929 0
0.897785205826163 1
0.971849082747888 0
1.63024880729843 1
0.760943254595797 1
1.46621237969083 1
0.811530545729129 1
1.15469749617645 0
1.57948069355472 0
0.708866263404829 0
0.899784308886573 0
0.650091194752866 1
0.724723851032317 1
0.767853906131791 0
2.03510568928579 1
1.22485758933081 0
1.44399769738912 1
0.890409813056129 0
0.736246541029371 1
0.800411694228502 0
0.871071527254795 0
1.5562370917408 0
0.749009972232628 0
1.00533988874842 1
0.920204781601611 1
0.708870260421023 0
