0.752078460643025 0
0.638433024503454 1
0.660286693071123 1
0.851721188238962 1
0.553522287487647 1
0.867291478640043 1
0.617444695321424 1
0.517867542484788 1
1.10353564843881 1
0.73898515168475 1
0.643976192215242 0
0.839617439537354 1
0.536861182025214 1
0.592434322823774 1
0.688413843358593 1
0.709875851459243 1
0.656702697105905 0
0.664841298250259 1
0.629141348499216 1
1.11517417674149 1
0.673564011743427 1
0.560166905226839 1
0.731230771870474 0
0.700788598932236 0
0.729756408646168 0
0.53433768470042 1
0.66074862669114 1
0.764250894564352 1
0.672210570259142 1
0.572829946501626 1
0.567935580963432 1
0.591524005131218 1
1.0276300490986 1
0.559190663566969 1
0.601230582753583 1
0.924962298887737 1
0.716426095327287 1
0.540551794059984 1
0.690549562228798 1
0.698218897021846 0
0.5218526215058 1
0.677798862884072 1
0.729603236394211 1
1.05445999250857 1
0.777872422463814 1
0.585849785690881 1
0.613169834503027 1
0.612029684454301 1
0.853267288595002 1
0.602723705242215 1
