0.704896063171669 0
0.951548010373161 1
0.857049710907757 1
1.66162678193872 0
1.53998169087518 1
0.701872233818805 1
2.03839752039737 1
0.767455212786489 1
0.895850193461027 0
1.34201831447111 1
1.2348871979166 0
1.24797499559875 1
1.10005387210793 1
0.994377833673886 1
1.1338910739936 1
0.995269164822906 1
0.952334788207882 1
0.646183598441166 1
1.34013906206857 1
0.696038431533215 1
0.693842308208531 0
1.04660776828288 1
0.873609159298398 0
0.629332717402879 1
0.988611536579157 1
0.897448984556358 1
1.71166348723104 1
0.712912437778377 0
0.739493974220395 1
0.782088515371957 1
0.990470207568034 1
0.597047697462832 1
0.974587966184237 1
1.01180276205421 0
0.898709705936856 1
1.52200656222192 1
0.989614631526879 1
1.72665661767895 1
0.700986828462111 1
1.27223225506215 1
1.52529503309356 0
0.672139368019965 1
0.886189755395062 0
0.644399675970027 0
0.642661364630691 1
1.033965609896 1
0.868378040390867 1
1.03491791692565 1
1.1138593952062 1
0.872925094946569 1
