0.769629901456888 0
0.789692593748512 1
0.772056817724795 1
1.07269066130367 1
1.06408888384859 1
0.663728160200221 1
0.749289474981423 1
0.801891207314072 1
0.90291225633315 1
0.690732289397702 0
0.736394510835571 0
0.910905752762948 1
0.953784350431929 1
0.86600254734502 1
1.98677003838334 1
0.874235250776037 1
0.718682651952826 0
0.972696001671072 1
1.48279955548157 1
0.813257534976634 0
0.758832259599796 0
0.709771595060991 1
1.01151867112438 0
2.16897673883794 1
0.931900365672727 1
0.787181635199176 1
0.753708305483765 0
0.675921979197775 1
0.866726345671722 0
1.09594184655428 1
0.795369362392835 1
0.821562112965362 1
0.837925472343251 1
0.792954247679944 1
1.23556269376261 1
1.04942816924447 1
0.700858848766097 1
1.45920279110798 0
0.88920416345409 1
1.15805223908776 1
1.62296422881728 1
0.887464714690155 1
0.713906173746992 1
1.37693704913868 1
1.61680190608661 1
0.998674297387168 1
1.4358697522353 0
1.28261500479678 1
0.787591439819383 0
1.06369301038144 0
