0.603299320084451 1
0.668654527969918 1
1.50883563308656 1
0.985513637822552 1
0.596607450982728 1
0.673533501586068 1
0.82564206965931 0
0.637252995187376 1
0.716927446404969 1
0.573236334936852 1
1.26367949800357 1
0.706980712693443 1
0.478923388359233 1
0.870144529312553 1
0.933046857733 1
0.655632146253675 1
0.758607086043168 1
0.500920102124395 0
0.623054383020095 1
0.557286692386344 1
0.456891749172073 1
1.15216004489979 1
0.513680429942791 0
0.66419342841256 1
0.745046574617974 1
2.52616688129081 1
1.97643831858011 1
0.632827233542503 1
0.569036372698852 1
0.502588331049495 1
0.900292788730594 0
0.712024346008904 0
0.696000897829552 1
1.01940913562469 1
0.635992288506035 1
1.06786183481321 1
1.06999840586338 1
0.538480622208558 1
0.606996169255725 1
1.01159109459561 1
0.733443463218613 1
0.555319235611356 0
0.861284297214256 1
0.49735216396945 1
0.591304300688355 1
1.50458215869827 1
0.775250500500937 1
0.520270348415694 0
0.939059532030258 1
0.406363801476187 1
