1.04821944227232 0
0.615988803417652 1
1.74480318278921 1
1.06991347873235 1
1.75660245388696 1
1.32020529921121 1
1.06114180244233 1
0.575665665651578 0
0.70416216990814 1
0.56787771427942 1
1.74001312261462 1
1.2684748287085 0
1.3389295490297 0
0.916779696840196 0
0.797432591851063 0
2.1174232754507 1
2.8615171377862 1
0.673944019035211 1
0.489525539359001 1
0.696184376248648 1
0.661715873494847 1
0.667919263619263 1
0.809016508037869 1
0.541759358458821 0
1.20645619160942 1
0.709731329822189 1
0.827767941350801 1
0.760810698438737 1
1.19692836898026 1
0.58771416649215 1
1.11526241533305 1
1.1437358549816 1
0.534862334494211 1
0.606325873808838 0
0.696941053783524 0
0.53649528057079 1
1.28937826618935 1
0.937035257130423 1
0.702478344728744 0
0.811983432949008 0
0.528146191265731 1
0.798591936634193 1
0.770776048923291 1
2.41193247270805 1
1.56057729255237 1
0.770770786431615 1
1.8787800520797 1
1.13367966302571 1
0.663565962424087 1
0.82084012859744 0
