1.04000757127977 1
0.880849834987121 1
0.970784367207999 1
0.85288177637511 1
1.11825305327017 1
0.942306915698579 1
0.751156316592325 1
0.897868767915704 1
0.836306871583254 1
1.16215014990763 1
1.77313885407502 1
0.917826998237057 1
0.768508097162694 1
0.787468873521526 1
1.04821516315112 1
0.79813968531361 1
0.812580136062139 1
1.83178016451514 1
0.956278161078142 1
1.26621684312917 1
0.822176249945593 1
0.785675648262822 1
1.24314624911658 1
0.95953232589033 1
1.50685516259527 0
0.73307452745526 1
0.866857043269391 1
0.786340062003274 1
1.06301914553011 0
0.726368931903671 1
0.940958457073616 1
0.825416904594051 1
1.03725448019725 1
0.876283866181751 1
0.87159582742685 1
1.35370240441789 1
1.48748725386048 1
0.966851722325402 1
0.729970893996303 1
0.834942004468192 1
0.749076527666235 1
0.780907282647653 1
0.782408279200773 1
1.44404444507941 1
0.941994668910028 1
1.03807078228083 1
0.744973688296514 1
0.655468718821979 1
0.735341819260642 1
1.15974754067366 1
