1.34049813362011 1
0.926764937842242 1
1.30702414091148 0
1.37752725576375 1
1.33072393683007 0
1.65293738261714 1
1.99003411483502 0
0.801659545046205 1
1.01334781190241 1
0.745639992349822 0
1.62578762722316 1
0.948253305234282 1
1.93448524832969 1
0.936053074355082 1
1.51837820610105 1
1.42689720528241 0
0.920712756339256 1
1.08174114086737 0
0.879785865228649 1
1.35816276317617 0
0.810400629105076 0
1.26221231513318 0
1.96730871055475 1
1.00857763232939 1
0.816239314480162 1
0.871353026662562 0
0.941336458388813 0
1.15423480040777 0
0.815979299309335 0
1.38535120113517 0
1.63779739851509 1
0.823540801542452 1
0.947754245105555 1
0.92733673877465606 1
1.42670626443965 1
0.863067533294707 0
1.22021423085601 1
0.968668877899973 0
0.909651332586996 0
3.72869060050868 0
2.2771377172064 1
1.76535383044947 1
0.859985209791464 1
1.52421808010499 0
1.1267336822834 1
1.10775242462419 1
1.13561927979351 1
2.03278656968169 1
1.84907750933371 0
1.44200729559808 1
