2.00885612900381 1
0.900038974328957 1
0.84342603159496 1
1.60200984804406 1
0.790441166596991 1
0.73897777045155 1
0.915431592509749 1
0.903131306283723 0
2.12018659694179 1
1.09990143485412 1
1.90114544407141 1
1.25851332116926 1
1.42954244277664 1
0.778587392145858 1
1.78241129071764 1
1.37283368262256 1
0.930031268515141 1
1.04696200686923 1
0.958203391850887 0
0.968455979094926 0
0.893611337512319 1
0.745542148132885 1
1.06245198607003 1
0.712492283377519 1
2.02107323022595 1
1.80399288379976 0
1.30220001373543 0
0.865160645513906 1
0.746150231948345 0
1.0307114051622699 1
0.785809066744357 1
1.29198129152754 1
0.93143378760545 1
0.801625567823644 0
0.891534057584989 1
0.7932178400888 1
0.790103579310366 1
0.969920748534314 1
0.779842978280864 1
1.41186304384546 1
0.671637643807957 1
0.832451522202418 1
1.03944809832427 1
0.741951082748178 1
0.879945532476714 1
0.944508406156202 1
0.987789260998666 1
1.70675993131392 1
0.811995229128615 1
0.730833606933225 1
