0.568032000226936 1
0.589880307501647 1
1.00500321359855 1
1.11399573857852 1
0.510573000016082 1
0.716836615478734 1
0.612269011481249 1
0.790908459183731 1
1.32471285574283 1
0.435754408355006 1
0.42965515678555 1
0.534667863338611 1
0.624310879380523 1
1.20643402972828 1
0.798341179579328 1
0.694518616141223 1
0.724388134129961 1
1.03130182254534 1
1.03085665302598 1
0.800895715287496 1
0.519004113482264 1
1.00857793122048 0
0.662074644230872 1
0.717820933444386 1
0.656190606992507 1
0.799591805972073 1
0.669840978482158 1
0.540557076484451 1
0.674489729548702 0
0.383807268959834 1
0.826789747773893 1
0.53690957159735 1
0.543121087206659 1
0.528083542423342 1
0.971224226785636 1
1.19246539001343 1
0.668647069034179 1
0.837290003590803 1
0.418104368485969 1
1.00326884108983 1
1.56849825034952 1
0.659548597349 1
0.553083377732111 1
1.29827697467382 1
0.485313082210517 1
0.700971694360226 1
1.66250912630344 1
0.905830106254276 1
0.670555049075633 1
0.537685412843228 1
