1.59272921775125 1
0.923146996669397 1
0.478769050518185 1
0.557099091577663 1
0.501347397731898 1
0.528438275099911 1
0.790096884810634 1
0.645213344131584 1
0.683335004914402 0
0.64565244536052 1
0.527829022849644 1
0.77643927737212 1
0.592893535637304 1
1.03300473089832 1
0.646271283996132 1
1.2721141496638 1
0.478891084732176 0
0.582836599495956 0
1.03710454304037 1
0.676447471782014 0
0.553233835554007 1
0.743287245388426 1
0.981158963449057 1
1.02463724869957 1
0.854494597068149 1
0.515486260359672 1
0.630133707847671 1
0.596208441185436 1
0.819529182836674 1
0.711063650163256 1
0.519690930190578 1
0.639251200950478 1
0.85150857997346 1
0.679298147730479 1
1.13336464023034 1
0.914890956823681 0
0.974587502154969 1
0.575323407160954 1
0.738235307274869 0
0.469857051357613 1
0.771398067720144 1
1.45906466235658 1
0.845382838526279 0
0.89133405314955 1
0.863285714744009 1
0.508028569647859 1
0.635946391166869 1
0.706436944740246 1
0.680577409414275 1
0.524451487135708 0
