0.98009041614613 1
0.710800675220798 1
0.626716953417503 1
0.615799370920797 1
0.623483070605823 1
0.680600015360454 1
0.782105491339017 1
0.755435714434379 1
0.610549413468332 1
0.606670510533154 1
0.782192428343412 1
0.682765997298252 0
1.02708721080956 1
0.655445945061168 1
0.628943195832588 1
1.12938632917387 1
0.6254849460114 1
0.940957856871328 1
0.807540232115336 1
0.972012453266948 1
0.912271398576466 1
0.646225828736235 1
1.40916947002558 1
0.660104599955557 0
0.670631484398946 0
0.626277321056134 1
0.796985118181901 1
0.628750547515718 1
0.655646812973508 0
0.724824764886918 1
0.686275442557485 1
0.61256209400703 1
0.768894319441595 1
1.04951670620106 1
0.668468502033611 1
0.625741642944131 1
0.574144263738394 1
0.84575398928055 1
0.993623047216174 1
0.63935674072184 0
0.67157833445312 0
0.615656255626379 1
0.812768997787657 1
1.51602037622802 1
0.868307597560614 1
0.924503888948141 1
0.781293265679451 0
0.697397900466328 1
0.807890430397406 1
0.927059273282819 0
