1.48090664645273 1
0.98337545258841 1
1.04447881705152 1
1.28213879182963 0
1.41568926157446 1
1.59856248638681 1
1.41269762983617 1
3.49133461193476 1
0.897677050562958 0
0.726001845875381 1
0.994730775425149 0
1.03646994938882 1
0.823357698825638 1
0.816432595564154 1
0.829476218398211 1
1.14809522505066 0
0.800471834594275 1
0.828795406527052 1
0.923252195968186 1
0.814018043579522 1
1.51403336292861 0
2.37278333807228 1
0.931277057705448 1
2.2254062718146 0
0.913157292774521 1
1.2486270065833 0
0.910756644723418 1
1.81213221666489 1
1.28965501484612 0
1.01360016183027 0
0.992313719709643 1
1.46573680659782 1
0.654376061494364 1
0.752888775039405 1
0.790082617698622 0
1.22478895267538 1
0.892684942065734 1
0.925680377526704 0
1.11394151298117 1
1.34913712639772 1
0.731568916417011 0
2.05600400846285 1
0.777678569274218 1
0.885181371339118 0
0.99574996993903 1
0.943727419295585 0
1.14933543173984 1
1.97165750362275 0
1.63220326422256 0
0.873398442538019 1
