1.59626322963728 0
1.09646227360758 0
0.628477026450186 1
0.571467527438279 1
0.89540381140326 0
0.859440545982919 0
1.27810121488559 1
0.682281911809181 1
1.20339665445274 0
1.00466055590955 1
0.973564506395111 1
0.878899507133421 1
0.671041675647124 1
0.596159580833638 1
1.17126932046061 1
0.677634284796419 1
1.61578431253154 1
0.702835212333879 1
0.862798270175131 1
0.996556040484173 0
0.655847711026629 1
0.602903176745364 1
0.835549407109271 0
1.26089777066876 0
0.76512028849951 1
0.662700248363607 0
0.69056427544138 1
0.689495675112998 1
0.758482649789486 1
1.47984217857043 0
0.651938398962657 0
0.711744448015597 0
0.734404872528312 1
0.603760920190556 0
0.750349239132882 1
1.73032842048711 1
0.686594200766033 0
0.887624161944744 1
0.67063779909677 1
0.741468264422111 1
0.832975219708942 1
0.862294122931583 1
0.767600021285277 1
0.931225933782045 0
0.583620663833689 1
0.667403261281398 0
0.818865099423817 1
0.746350268017938 0
2.3099240605358 1
0.600324565761188 1
