0.704462827638837 0
0.790003252702818 1
0.63921612897556 1
0.787578010095585 1
1.39681623618464 0
0.864061140678137 0
1.49603219495567 1
0.7706240038915 1
0.682174322041477 1
0.803333833741801 0
0.69246206634612 1
0.855365982269471 1
1.53108817103474 1
0.640430672203679 0
0.87177724508301 1
0.669735233893823 1
1.14003129356263 0
0.80294940489227 1
0.709869106012385 1
0.717229504882187 0
0.802219928950913 0
1.10373311404157 0
0.946900429370389 1
0.941608923810019 1
1.22870697122121 1
0.820656970518673 1
0.834526499976339 0
0.707363561251488 0
1.0270602129486 1
0.716056568533322 0
0.888090426736226 0
1.21591028591259 1
1.29872940392483 0
0.841641758091707 1
0.792923351888192 1
0.881656803413526 1
1.52281422186456 1
0.829111658217371 1
0.657161176630846 1
1.09333202931383 1
0.754858828163013 1
1.45514309304603 1
1.17272786603021 0
0.98189755975305 1
0.854406773321503 0
0.926917081893793 1
0.815941734253318 1
1.01072648875761 1
1.22097512378501 1
0.765398685434241 1
