0.649458033213413 1
1.27492225625169 1
0.765827178214461 1
0.7462825703771 1
1.89986257976993 1
1.29223914316376 1
1.26989778095728 1
0.678811258192632 1
0.997395622281256 1
0.712804472178221 1
0.707654387722903 1
0.785835759825419 1
0.844250749147216 1
0.854983573593698 1
1.57298419783688 1
0.749712931259702 1
1.30438270784846 1
0.68733782469543 1
0.750080905455361 1
0.657482052620311 1
0.735952217112794 1
1.16984890637639 0
0.775440139769888 1
1.29749527959778 1
1.00512430121371 1
1.04603897561593 1
0.661328397359317 1
1.18625722874218 1
0.805102811481338 1
0.844788124233335 1
1.06445355184356 1
1.88951356019591 1
0.703653938715661 1
0.820852174493391 0
0.775341360956503 1
0.831820944808227 1
0.918098549310316 1
0.783941586858938 1
0.739545308517454 1
1.25577465328323 1
1.06924558421519 1
1.14757644823949 1
0.859719432513653 1
1.04436339215806 1
0.688968363836708 1
0.850049457836588 1
1.03373364093601 1
1.11760208263727 1
0.844513722414008 1
0.724704675990968 0
