0.886136024156662 1
0.802071441702078 1
1.46740867758195 1
1.15056104793405 0
1.77530525998129 0
1.4736820431996 1
1.43509132815352 0
1.45518672573358 1
1.34257320755325 1
2.58800963592312 0
1.10877369253041 0
2.50884971807848 1
0.961955770689599 1
1.63205498473146 1
0.904865744857016 1
0.980493098737691 0
1.74714071858901 1
2.09023513773884 1
1.26870932322851 1
1.50360538027197 1
4.50375885901336 1
0.937448868964668 0
0.920771299922011 1
0.964993317346824 1
1.04684184307857 0
1.10002033040594 1
1.45686213762326 1
1.87119946516452 1
1.02972919298855 1
2.34948243023725 1
0.972963608028989 0
2.87538093028639 1
0.960495899034418 1
1.17192470817282 1
1.18842901600508 1
1.2255045689023 1
3.03367114863342 1
1.1297214386616 0
0.844365087641155 1
1.13428379620563 1
1.7134879163722 1
2.22829501561363 1
2.93891946377428 1
1.33015844018342 0
3.63801740333213 1
1.42843471649082 1
1.32260064403071 1
1.44001877965557 1
0.859597847158208 1
1.21157874342982 1
