0.752985461266294 1
1.36592211043304 0
0.780968086279911 1
0.884045581068745 1
0.800445492677947 1
1.10318005345393 1
0.786988682704536 0
0.768359694038288 1
0.884602971382455 1
1.07855445313285 1
1.11120148268085 1
0.875563628816978 1
1.36974197930209 1
0.916529544354955 1
1.08063680403585 1
0.857077386789735 1
1.04361170102191 1
0.835250651500457 1
0.808192065869722 1
1.03903901373376 0
0.851222011296993 0
1.27523818766513 1
1.66904758269233 1
0.875212934351462 1
0.887484762855995 1
1.09968732688311 1
1.28035076927234 1
1.11907526431047 1
0.850311853443265 0
2.00038472546714 0
1.37061509518886 1
0.827044003407399 1
0.808090579992837 1
1.16681912373193 1
0.943010343217323 1
0.961930655988859 1
0.769790364620946 1
0.88066682469734 1
0.957099610425553 1
1.34991699327922 1
0.792152523025425 1
0.811150741880696 0
0.875884174452141 0
0.987503181574983 1
0.999586345507259 0
1.55725674893344 1
1.29771792106434 1
0.767597944661577 1
0.863313002856019 0
0.715947178115193 1
