0.910187996257173 1
0.94054474128682 1
2.12550176453706 1
0.873905056591665 1
1.39385662972407 1
0.717595078606982 1
1.08119372189418 1
1.36290813071782 1
1.1345413841019 0
1.39062339438222 0
0.979940632262675 0
1.07058625202781 1
1.23413275591312 1
0.761639334358362 1
0.851901477696931 0
1.01387779494208 1
1.05606270666718 1
0.750157065700662 1
0.745321299137295 1
1.15286618287339 1
0.91147433884291 1
1.20223178909729 1
0.964810299707751 1
1.44798027170826 1
1.35960443316184 1
1.05886825621967 1
0.983010923494115 1
0.782322380817071 1
0.714229744333764 1
1.57932148645451 1
1.04751317077842 1
1.16406483804178 1
1.75315377014464 1
1.18672551692793 1
1.06291816900713 1
1.06467708084174 0
1.73131101198066 1
1.69869651160876 1
0.930676209205023 1
0.766243557055848 1
1.33534329175043 1
1.61914439198195 1
0.965831970806215 1
0.826690183665571 1
0.762446351022102 1
1.59651483504087 1
0.905724435781339 1
1.88102884886746 1
0.746127025591069 1
0.794619412574038 1
