0.435923443094846 1
0.543041182459458 0
0.595803915221732 0
0.503753853784743 1
1.42578891322339 1
0.710286041751658 0
0.510668536812572 1
1.1991653760558 1
0.940731786947423 1
1.01258672502261 1
0.601411056052851 1
0.709992063955892 1
1.03341923615605 1
0.625661690416588 1
0.552081453604748 1
0.476717095073194 1
0.783389337315221 0
0.543884123420266 1
0.554935815022406 1
0.459597662832815 0
0.463492079217105 1
0.742162485970592 1
1.06502716128162 1
1.23808996354306 1
0.664853888317223 1
0.518171933204841 1
0.854386500872907 1
0.502357056031557 1
0.74295528849352 1
0.983056704572144 1
0.658425038681705 0
0.524962833320347 0
0.629761450260003 1
1.23778199575532 1
0.610845567002945 1
0.648965471930415 0
0.597243019556106 0
1.05022233619404 0
0.809025838129177 1
0.827484593647817 0
0.710410065080492 1
0.503603868054442 1
0.749212600967978 1
0.541134163195145 1
0.444897775257014 1
0.65788130144055 0
0.725759265336336 1
0.753593180850697 1
0.54880729911762 1
0.499405429728695 1
