0.736759273589486 1
0.87137499337656 1
0.79982950370121 1
0.645577289356974 1
1.62712788470442 1
0.806153689763217 1
0.969938379048139 1
1.40895557345447 1
0.891278062362317 1
1.36507346833071 1
1.28145960535962 1
0.64195273991141 1
0.728576768799731 1
0.702646526004909 1
0.681067588305969 0
0.537545673872699 0
0.844710393487982 0
0.925618635500834 0
0.651250677101155 1
0.838108838285469 0
0.59050123569611 1
0.79346511092705 1
0.768167698726011 1
0.550558375106441 0
0.515671027618399 1
0.543996782730672 0
0.718135089128034 1
0.724587199198803 1
0.623492397147796 1
0.546285303540742 0
0.786525739580799 1
1.19754712860518 1
1.00769518119062 1
0.68509724833871 1
0.594956191556813 0
0.751570190809323 1
0.507897579702585 1
0.640078981220126 0
0.526471815351324 1
1.33187668225992 1
0.542215321947313 1
0.935594621944149 1
1.00931069454096 1
0.773609634571686 0
1.4929440782386 1
0.540411721067107 1
0.665806196057364 1
0.496748766766488 1
0.880271587938383 0
0.784849796676033 1
