1.26014641871052 1
1.38883167743045 0
0.782108824513647 1
1.38036157091624 1
1.25047734840949 1
0.610086508008548 1
0.598470996687323 0
0.599064272726465 1
0.678630864962623 1
0.805107587457283 1
0.898667092531125 1
1.27808745049167 0
0.682608825808524 1
0.600835400313744 1
0.676489724077391 1
0.544078417190782 1
1.08238721371195 1
0.724183141526059 1
0.872185105799898 1
0.787961242130424 0
1.26104703246605 0
0.625796464841564 1
0.780858490071528 1
0.649019003720718 1
0.769471544385411 1
0.548113521845582 1
0.686309364964216 0
0.851084017618317 1
2.21390926267764 1
0.818355055000573 1
0.711893237621975 0
0.718511365808707 0
1.39729755914791 1
0.553156128758321 0
0.577043356066889 0
0.791570719302359 1
1.05019931054315 1
0.648795631061812 0
1.45622494423219 1
0.841086039392655 1
0.684571878028875 1
0.668300223404946 1
1.40508526986616 1
1.38885620449107 1
0.876517826891212 1
2.21333187426221 1
0.860338436804762 1
0.92194196296 1
0.675534885017781 0
0.718880707973063 0
