0.508712258838746 1
0.522628506003708 1
1.03065281488138 1
1.23543638774282 1
0.662974949605355 1
1.02566496086005 1
0.613019711732324 0
0.550104613691707 1
1.51939497031592 1
0.566445119935734 1
0.902162561711586 1
1.20232213641781 1
1.07709482952426 1
0.725289513311338 1
1.14554617816287 1
0.530731572140268 1
0.558439259401226 1
1.03508703675464 1
0.551166085220987 1
0.551422847647214 1
1.4229605616035 1
0.970856856541942 1
0.867827731464802 1
0.566810015189589 0
0.840903899019684 1
0.879733013670734 1
0.865174170169435 1
2.50117437748607 1
0.530083268498811 1
0.560555877411257 1
0.882545926933554 1
1.14825024117679 1
0.703776795417069 1
0.729817182938127 1
0.77353212136952 1
1.67771546199353 0
1.40969055075735 0
0.639105617806865 0
0.776758489920041 1
1.39176890811334 1
0.805754546850671 1
0.65175340704503 1
0.668965377354859 1
0.58111747196307 1
0.651701189857514 1
1.10559020101284 1
0.563435655174257 1
0.567043120465847 1
0.760941397506371 1
0.574257283142545 1
