0.631028350526044 1
0.520611503282124 0
1.16014848015316 1
0.620185358067991 1
0.631902323592505 0
1.66053956815954 0
1.6141384063536801 0
0.717831602076574 0
0.542039242196422 1
0.756057857387692 0
0.839480436250593 0
0.518543765860726 1
0.961088220895036 0
0.636284087431717 1
0.648012571972482 1
1.08709135121025 1
1.12355422704431 0
0.894828826466509 0
0.561883557267924 0
1.36490450841585 1
0.664610971112033 0
0.583641261598528 1
0.561157966999421 0
0.663341193205394 1
0.667343010024814 1
0.606167847642975 0
0.507531084716702 0
1.45339367578 1
1.30697177487857 0
0.712004744865197 1
1.2440409307479 0
1.66301844240039 1
1.24866005751825 1
0.540100473073008 1
1.01235748254268 1
0.546821547241927 0
0.748032521879732 1
1.64742343410938 1
1.41023168781646 1
0.598174214195836 0
0.594532351130701 1
1.38885215525329 0
0.523202498400731 0
1.17947800245211 1
1.6952899417256 1
0.73752060728275 1
0.613456207466614 1
0.515342261020641 0
0.696500681546057 0
1.42460473284239 0
