0.640661263727549 0
0.742294703586421 1
0.820593791861342 1
0.912430704070472 1
0.752160279784147 1
0.703715219754589 1
0.739612694529207 1
0.894985029652086 1
0.7778682043853 1
1.37688482231732 1
1.01762669804051 1
0.697386849845632 1
0.932709156144445 1
0.840855583757401 1
1.3918721147394 1
1.44609005105405 1
0.719333622259746 1
0.723669064871637 0
0.854309191940533 1
0.995748412696113 1
1.00256845903128 1
0.732178723849206 1
0.698258618532778 1
0.724827853301149 1
1.10447788870946 0
1.06015496199544 1
0.755776013737709 1
0.880280125472142 1
0.760962678904746 1
1.00809614235179 0
0.787504057272687 1
0.776870601951377 1
0.867634707415449 1
1.50973468759767 1
0.758358826670215 1
1.17568899879968 0
1.64523456491461 1
1.16331064646753 1
0.819898541922677 1
0.651628242400957 1
0.915693909741655 1
0.845422502149393 1
0.768600638645627 1
1.16956358588428 0
1.18634083226853 1
0.631120457292801 1
0.893599566103595 1
0.744765014907676 1
0.901439843814646 0
0.682392838841539 1
