0.916291395885334 1
0.955508138119305 0
0.865760594858669 0
1.06976242954428 1
0.843759058980824 1
0.616076811640418 1
1.14801901514101 1
1.00616905342299 1
0.998931575435916 1
0.614344257269019 1
1.22316401987235 1
0.677169042182476 1
1.14797647178164 1
0.626639366819553 1
0.726799613117946 1
0.771888837591132 1
1.14882688178161 1
1.25388877516954 1
0.95044289702647 1
0.649497903227655 1
1.33540381342877 1
1.38077554822316 1
1.39000309563696 1
1.4138077280065 1
1.23613957661277 1
1.19383007583695 1
0.741752425866211 1
0.96384805582701 1
0.748309230881518 0
0.72145346099451 1
1.44154530878313 1
0.967035200841288 1
0.603071314557228 1
1.09902515068708 1
0.844560456154518 1
0.861756735220502 1
1.51655603381203 1
1.17254557866096 1
1.4244257799061 1
0.831207226571375 1
0.630621306257723 0
0.919247096274666 0
1.20158390678134 1
0.878783090885043 1
0.697121680758664 1
0.836340795310986 1
0.71477715310974 1
0.851938738517943 1
0.66526766316703 1
0.718827136667989 1
