0.70560156456777 1
0.72062227031984 1
0.753553995718096 1
0.727601768157616 0
1.06172953485365 1
0.751639778845466 1
0.896011607813207 1
0.693605762431681 1
0.739845173087575 1
0.93515410193338 1
0.791870770613884 1
0.830903554010876 1
0.813945256195792 1
0.785589434131833 1
0.724700105978924 1
0.728299103666545 1
0.87485134638359 1
0.751700506274715 1
0.930342354318721 1
0.836093084125197 1
0.980657327946301 1
0.96893955978052 0
0.877198842749942 1
1.36749662275442 1
0.901598095199397 1
0.905911814982427 1
0.993604422373233 1
0.720772034467526 1
0.813838128216021 1
0.759557111697093 1
0.761363262082049 0
0.753150694703386 1
0.759119076030789 0
0.746586382779891 1
0.883860066202812 1
0.832919074874307 1
0.810973499645484 1
0.942226598506626 0
0.874416803396344 1
0.720984573417456 1
1.10482713526397 0
0.744168353548146 1
0.857974727177309 1
0.722683629525143 1
0.948175816909739 0
0.796616546498552 1
0.81688934661799 1
0.754990541879218 1
0.882464741432887 1
0.858034047095473 1
