0.96247796620997506 1
0.780376644280967 1
0.80891544716675 0
0.684823735193944 1
0.729605008689749 1
0.742204282854664 1
0.795863004039205 1
0.686745447642746 1
1.00971541367929 1
1.0649901022928 1
0.725861800630984 1
0.633624946910869 1
0.875003816948949 1
0.657114598577934 1
0.942057451222061 1
0.602942294470567 0
1.08435054496378 1
1.20226099039134 1
1.42221676797723 1
0.595201736171121 1
2.60816491599224 0
1.08982471081003 1
0.729281225048532 1
1.06392511871114 1
0.604639174152102 1
0.969439719297679 1
0.604429150110182 1
0.786124103444349 1
1.41624640265209 1
1.02865406316604 1
0.613833872137604 1
1.54473481605026 1
1.08730640918211 1
0.703693693644672 1
0.861654027356643 1
0.695758358249766 1
0.750573087911595 1
0.690331955357663 1
0.622100973811033 1
0.721763281633434 1
0.705548739170019 1
0.978855896884455 1
0.761515140404658 1
0.878678451271847 1
0.911281097529154 1
0.642197164310128 1
0.673158155512489 1
0.847446647244605 1
0.749948138544128 0
0.952823273753774 1
