1.28023349389118 0
2.45603226564175 1
0.611070303141099 0
2.04263758537185 0
2.54811969444175 1
0.763258422453136 1
1.23278598537164 0
0.911828452056561 0
2.04671221748703 1
0.899477050061594 0
0.850559307075977 0
1.50721950338833 0
1.61664621082008 0
0.762118698760761 0
1.12114057877218 1
0.635498162768897 1
1.71976516957426 0
0.93675536920013 1
1.21548611482472 0
1.03208576711408 1
1.53523343069608 1
0.850992976636579 1
1.02091386571739 0
1.30109482874253 0
2.44193971249805 0
2.38133102902844 1
0.802218890075821 1
0.884960261368565 0
1.30373417568689 1
1.34126718818766 1
1.42311474794086 0
0.690016235078004 0
0.935210007585299 1
0.703751636806104 0
0.919878165319382 0
0.815353590752456 1
1.23192699834071 1
0.799970632200764 1
2.83115055034735 1
1.22976532603498 0
1.21054983615665 1
1.41723351913437 1
0.930084310851244 0
1.64823322100408 0
0.797638725827692 0
0.869969490416856 1
0.614147629110884 1
0.826522483575773 1
1.66094794534219 0
2.04915679699778 0
