0.881111753123314 1
0.513125709192981 1
0.743766580264822 1
0.936420089066751 1
0.555383278990956 1
1.03535995385398 1
0.569652942719582 1
0.877008098866541 1
0.969663374108008 1
0.768428257126299 1
0.584802927347075 1
1.50210129554928 1
0.825119002156102 1
0.856646912121635 1
0.583362190092826 1
0.530396560783298 1
0.523112726720403 1
0.730340105142515 1
0.72423043144253 1
0.556550158670913 1
0.595812699290655 0
1.09591137667309 0
0.64636236310528 1
0.753604274206365 1
0.529771032554232 1
1.40422692082368 1
1.0098220347946 0
0.697981420248923 1
0.58156947885714 1
0.802017538612489 1
0.949668502149521 1
0.995272218597635 1
1.068173785413 1
0.833501541273145 1
0.863268042130899 1
1.2161517051791 1
1.01546461992874 1
0.519181971198882 1
1.35515034019833 1
0.569122568885 1
0.991383082627801 1
0.683526444275135 1
1.06517168496298 1
0.621189879937071 1
0.726316595495248 1
1.40716882122746 1
1.25131294603097 1
3.07972788313192 1
1.1692068384375 1
0.600506018125251 0
