1.04900983161193 1
1.90071530225261 1
1.27714075839939 1
0.735064284241361 1
0.852490915327185 1
0.762005395397989 1
0.660496213957972 1
1.9597681566364 1
0.931179819577745 1
1.43438039235741 1
0.796773319925902 1
0.902641081202684 1
0.827570549301006 1
2.23859669619749 0
1.24714147624447 1
1.75848316859864 1
0.889506577876405 1
0.804971388247651 1
1.2479747035671 1
1.21641239515694 1
1.34543882886172 1
1.54053792408198 1
1.4229117280163 1
1.14062582123583 1
1.08447573233843 1
0.878173292201075 1
0.669798779653079 1
1.24582763562669 1
0.735433962828796 1
1.08960468891087 0
0.920350886419666 1
1.33505296823901 1
1.11160681434196 1
0.838508918884362 1
0.694364615177303 1
1.07310428189671 0
0.641399357102542 1
1.09535846915672 1
0.745223886250783 1
1.4910729116774 1
1.02886712206547 0
0.851466430085241 1
0.992654201420362 0
0.916720401102976 1
0.833708905994185 1
2.08002488989931 1
0.740709424909724 1
0.960720914871065 1
0.722623919540221 1
1.30719949583651 0
