1.19323088382574 1
0.797894525054571 1
0.540293014607302 1
0.884976784846126 1
0.660175530996001 1
1.28683518080237 1
0.624958023291655 0
0.61968176583498 1
1.0404931231728 1
0.663106676082206 1
2.34818791374529 1
0.77360390564233406 1
1.2146745115025 1
0.862673459782568 1
0.790872189946326 1
1.59412934955622 0
0.758819417666113 0
1.36488074593656 1
0.897554371124604 1
0.667514873632242 1
0.846978777207638 0
0.635999909498874 0
0.650387322179091 1
1.03962907730214 1
0.92671465442851 1
0.720974778569708 1
1.22858923497483 1
1.15568759254652 0
0.893734530956731 1
0.940211454888606 1
0.477532215471078 1
1.15816912801906 1
1.73002540199605 1
1.354344929013 1
0.649072051115737 1
0.484687186279434 1
0.628364329996373 1
0.594783285594493 1
0.504169707386052 1
1.53705463903487 1
0.64474863389106 1
0.610614558207315 1
1.37755932753234 1
1.06814242567234 0
0.540341149179965 1
2.10112574973728 1
0.599926557197407 0
0.880377229079468 0
0.496968401815422 1
1.06949901492725 1
