0.884311766772797 1
0.742129424653437 1
0.879105320237508 1
1.43195347267532 0
1.30683325956352 1
0.917735030324581 1
1.08454310820931 1
1.0099706371458 1
1.03992393525625 1
1.56059633150589 1
1.15402913470483 1
1.05771150131659 1
1.65036905585173 1
0.985170807896884 1
1.01797802448925 1
1.69540974828121 1
0.934753220875326 1
1.63748398862214 1
1.35231982181495 1
1.09765179405065 1
1.17345703152736 0
1.97414610776677 1
1.40317610485423 1
2.50152000521332 1
1.40202594715518 1
1.15547516948161 1
0.763745080054496 0
0.804757126284726 1
0.881957119346191 0
1.11741168912148 0
0.989302499798668 0
2.31055177793887 1
0.80356951252796 1
1.5047802323562 1
1.69361535804596 0
1.23555093662604 1
1.85606280298671 1
0.936214647727918 0
0.889490844499076 1
1.50213169078875 0
1.60185914320456 1
0.91043500707624 0
1.15665326271714 0
2.18346288914244 1
0.88566605273234 1
1.5789259326649 1
1.29672680479182 1
1.75651968782315 1
1.20496371044125 0
0.737837504216689 0
