1.14540722799445 1
0.856538896439153 1
0.820702672077686 1
0.943002053416407 0
0.993627295904018 1
0.770841564013157 0
0.688870980075913 1
1.44543117947739 1
0.909428779137058 1
1.70491809831342 1
1.15770590675799 1
0.808617831306501 0
0.842776490084765 1
1.93123933559631 1
1.25326443529606 0
0.881449793298576 1
0.91914245007082 1
0.98327905971992 1
1.17752629375011 1
1.50371165060568 1
1.19863600660456 1
0.824330483981491 1
0.724783340383922 1
0.777989316677981 0
0.72339466674849 1
1.3265496483283301 1
0.812155082628754 1
1.35594855688853 1
1.25814430152192 0
0.957681512537278 1
0.844605838363347 1
0.89858514955956 0
0.729134195387002 1
0.989343897743262 0
0.81454293290603 1
1.11575593118003 1
0.94170205287919 1
2.02619982551471 0
0.959909363230421 0
0.875596039660199 1
0.916185933075593 0
1.04590878502284 0
0.760915143691042 0
1.30778159154432 0
1.60033754337866 1
0.71410515038812 1
0.742637381407761 1
1.14306978106715 1
0.792562942189497 1
1.11352525226479 0
