0.909870182487278 1
0.731637572861422 1
0.815151249278712 1
0.879110943926186 1
1.51047362545776 1
0.782246039375012 1
0.932094037113811 1
0.82977970073487906 1
0.761907983850363 1
1.78112581965076 1
2.28879552833327 1
0.882855543109157 1
0.987736103527259 1
1.42081980577761 1
0.832663054666758 1
1.58695678237097 1
1.03249686178315 1
1.04568274991173 0
0.939993402797967 1
1.95190586535073 1
1.03418064143063 1
0.979626264286225 1
0.954019313152929 1
0.808279787937654 1
0.860350431411548 1
1.18879925929735 1
1.89395336037884 1
1.23899068285724 1
0.814616130869336 1
0.872187965517369 1
0.844671593065321 1
1.0534621682381 1
1.43483756701536 1
1.04725321540167 1
1.11871813744988 1
0.93808047931452 1
0.865127388566375 1
1.62467779596541 0
2.06955607917833 1
0.726289414297995 1
1.5796871413141 1
1.12024664499756 1
1.10978244000185 1
0.797110954848961 1
0.965278881466042 1
0.751615348217122 0
0.829839620432529 1
0.93825210346812 0
0.879143408252065 1
0.945713685998763 0
