0.754097483230745 1
1.05940949866186 1
0.843659159243592 1
0.659817530466465 1
0.90034977716816 1
0.704757381306621 0
1.50293597347463 1
0.818965775876927 1
0.746532485822402 1
0.801029302421881 1
0.671601853668126 0
0.697229929147813 1
0.781570436257083 1
0.657917983373939 1
0.921792318921955 1
0.819243448015219 1
0.702883551695335 1
1.23455914229596 1
1.12956387134781 1
0.724585472621805 1
0.943741153788467 1
0.720461246685075 1
0.630497236856689 1
0.925127008998559 1
0.76412399738321 1
0.83597915485976 0
0.908496726100811 0
0.587121236310591 1
0.646003833119743 1
0.997237939209768 1
0.664096844868464 1
0.727579891171455 1
1.00145699062796 1
1.27568428821317 1
1.15550180907392 1
0.678555582300365 1
1.06060311739263 1
0.75225123546876 1
0.830891467203763 1
1.82451095567851 1
1.92650041836873 1
0.870403567125255 0
1.16439918275012 1
0.67502804897441 1
0.72076347344271 1
0.739073812688518 1
0.734396069721341 0
1.01378410197188 1
1.11717563423363 0
0.731819200127533 0
