0.796809979759906 1
1.18003153409949 1
1.53593236189893 1
0.787865364993193 1
0.785248640315468 1
1.0056166398957 0
1.31397840850338 1
0.986880295016638 1
1.40125260606442 0
1.40427284549572 1
1.02885912055118 1
1.11070992284342 1
1.19016222542509 1
0.711272789011386 1
0.770033972425725 1
0.784322174515093 1
0.840746471832057 1
1.0566101162606 1
0.761761321548251 1
0.810685619350069 0
1.07316566655352 0
0.689333949061294 0
1.01744681953425 1
0.939065821457082 0
0.837006348981377 1
1.2146303077802 0
0.920958348782761 1
0.755980543414415 0
0.755374230235739 0
0.790148685749667 1
1.80113606803991 1
0.836243438064992 1
1.18427022760011 1
1.24135716375619 0
0.721441973288506 0
1.51434070849584 1
0.657906264799773 1
0.742908266981652 0
1.11034245838749 1
0.802280729426847 1
0.774774064126589 1
0.67849459005589 1
0.964052892386916 1
1.0187075135963 0
0.707240836235819 1
2.00120423169559 1
0.826228264884015 0
0.699023408925209 0
0.83399198459159 1
0.891244059986985 1
