1.29985645739169 1
1.04439546871614 1
0.753358639520442 1
0.975069510089842 1
2.12911966862273 1
2.39485226683084 0
1.46022759915527 0
1.7683193520599 1
1.40211352190817 1
0.824109990292513 0
1.03520975380217 0
0.829995674603915 1
0.968035659616564 1
1.02188742301606 0
0.711054679951629 0
1.80361397681956 0
1.22866887748293 1
0.620765654958957 1
1.65462786234829 1
2.34921781472031 1
0.933346203563851 0
0.783839712422143 0
0.799624153170415 0
0.606627709677161 0
0.934662625211869 0
1.61933893322965 0
0.564952204367665 1
1.12102263603305 0
1.15491407198287 1
0.890810897381243 0
0.595794752673603 1
0.747273110942163 1
1.6051943012718 0
1.81429743291753 0
0.679322684198524 1
1.5448526976202 1
1.4504382006178 1
0.58234129844879 0
0.674386816362405 0
1.09287774315154 0
0.87989904760051 0
0.621398544622967 1
0.631877812028951 1
0.570185370303393 1
0.575953815273903 0
1.65864804092445 0
0.929534671251535 0
1.56313672976018 1
0.882020596569051 0
1.26927823746529 1
