0.737113784084554 1
0.750207081993235 1
1.75985580441689 1
0.675895686893395 0
1.15295320186399 1
2.07617798578519 1
0.878732351509565 1
0.703227851780793 0
1.48621125324959 1
1.45007965357733 0
0.513747705963129 1
2.34404259098116 1
0.698860364946001 1
1.32573141693602 0
0.600409628340576 1
1.5001397255996 1
0.836152332351352 1
2.30813493640542 0
0.718132169022861 1
1.97357640945559 1
1.12443806522948 0
0.582025048684771 0
1.23454455097956 1
0.653675370844725 0
1.14485045109627 1
0.565464932562329 1
0.709878283231433 1
1.23255544943205 1
0.521793638858419 1
0.622282096622461 1
2.75499920351797 0
0.872170281229558 1
1.27240702192693 1
2.19440900056258 0
0.564255359691721 1
0.742574465652629 1
1.18821889857184 1
2.16588197803238 0
1.48933724092433 1
0.646122146092311 1
0.647582861875932 1
1.18508114350811 1
1.36878922636519 1
0.683156034813237 1
0.779780817254317 1
0.719343363389358 1
0.607274130621549 1
0.629487010424077 0
1.22659044269472 1
0.583965710385511 1
