1.12893309814122 1
0.503175006943644 1
1.77891919985829 1
0.893964205878315 1
1.55086741273728 1
1.00646109948384 1
0.769749858950652 0
1.17129184220266 1
0.651807280400786 1
1.62844707375237 0
0.927033289355192 0
0.483307454104248 1
0.71793974580523 0
0.888687944497143 1
1.12971937288064 1
0.740864700490218 1
1.16868718721079 1
2.06086835264864 1
0.551481399273084 1
2.03418934744502 0
0.502241750443478 0
1.24329448398211 0
0.649652912676721 0
1.43581837361746 0
1.34272184997287 1
0.800867500548549 1
0.466954706428779 0
1.08485460943779 1
1.02930984051149 1
0.966620992674915 1
1.45589472487042 1
1.16916783517004 1
0.600283745229055 1
0.909035166963912 0
0.928151012561758 1
0.545903974605733 1
1.41208738751425 1
0.682980070061056 1
0.688411629551247 1
0.599454441888733 1
0.530225218342014 1
0.601961122416619 0
0.549449255198759 1
2.15934064545472 1
1.02605532428884 0
2.01171125735768 1
0.974166602577049 1
1.31771385252616 0
1.50837818615178 0
0.940174464851338 1
