0.916843136094044 1
1.16972311971826 1
0.851404006053636 1
1.06739107982613 0
0.853910910267566 1
1.26135046197732 1
1.05343960180221 1
0.878281551067366 1
1.21478188598164 1
0.74300588782914 1
0.891323967406278 0
0.930997239939033 1
0.775377819998523 1
0.80377997145761 1
0.677829404850034 1
0.671225820033827 1
0.732705361047527 0
0.865729442122447 1
1.19275737700791 1
0.77465767470666 1
0.978168090335745 1
0.895296315974039 0
0.951110161819836 1
0.761561099892185 1
1.31248131853671 1
1.13353370050066 1
0.770087082632771 1
0.707086246961683 1
0.978817165442221 1
0.796012511889737 1
1.00114168349168 1
0.752947816268398 1
0.707661997826458 1
0.801847399350349 1
0.776594830204656 1
1.2805954592018 1
0.750272946646809 1
0.812474703228198 1
0.802057897569447 1
1.31291560484419 1
2.05000589388668 1
1.18073386937236 1
0.785166564222653 1
0.90463489837545 1
0.841479195566782 1
1.02088285289866 1
0.754754633203917 1
0.936493237832247 1
1.37362570345172 0
0.960072835735815 0
