0.822780791119386 1
1.28034502843059 1
0.693043013876292 1
0.551377164263979 1
0.623066634478711 0
0.628847642104589 1
0.868078760290907 1
1.13658993612118 1
1.36829105712372 0
0.929168637040929 1
1.0034905533283 1
0.624952512826383 1
0.588548725247734 1
0.556825757062708 1
0.93335666172811 1
0.911929854639425 1
0.925338624112945 1
0.698719735118703 1
0.784662827414105 0
1.49738729098892 0
0.828764514963597 1
1.17388349483896 1
0.522070218039841 1
1.09569794691868 1
0.733930267999125 1
0.516265382744191 0
1.91460723101034 1
0.626333156782481 0
1.83894506777418 0
0.96590347909682 0
0.944139396685695 0
0.63698051651998 0
0.834082328098455 1
0.681795245738195 1
0.862476081654867 1
1.48352707830632 1
0.816273158175517 0
1.3814871928254 1
1.84188286870916 1
0.643890251439071 1
0.811495329904555 1
1.38163312800576 1
0.830489425953642 1
0.559714221209977 1
1.4567480360713 1
0.951283044750264 1
0.64215603449303 1
1.52227133726582 1
1.37951581210871 1
1.00335403967045 1
