1.53706460991155 0
0.784299449131378 0
0.775845698533019 1
2.19636578579235 0
1.03374072977066 1
1.09810808181823 1
0.789961610683763 1
1.09550436803198 1
0.791093095510909 1
1.13562904802636 1
1.85331414351107 1
0.965607078713141 1
1.36442725625181 1
0.938217886692751 0
1.04478110511569 1
2.6959888611629 1
0.770770226511351 0
1.09451542632033 0
1.02513258468383 0
1.15895487800595 1
1.04072855586651 0
0.993898627888159 0
1.37125325843529 1
0.771038765979401 1
0.974059625470972 0
0.911304794126505 1
0.721971094257383 0
1.5777178109275 0
0.836281796380208 1
2.30599788125496 1
2.05954194240422 1
0.979895921380873 1
0.764987801745368 1
0.877003754046773 1
0.932812414079077 1
1.73245674644956 1
0.794643128514225 1
1.22486574162125 1
1.1329917981309 0
0.803754706945799 1
1.74587307044243 0
1.3789428005099 1
0.852425646674065 1
0.859150208636501 1
0.817476649943685 1
2.98635708140222 1
1.46125028724604 0
1.32647385071762 1
0.732538772200785 0
1.04183325782483 0
