1.61555410840005 1
0.97608622304028 1
1.06221012949355 1
1.51767141841803 1
1.99415257962879 1
0.991898941759507 1
1.19512818687027 1
0.89409207556535 1
1.10011686603949 1
1.25267084804708 1
1.09527437101738 0
1.35445010834602 1
1.46325644991719 1
1.32230988039814 1
0.915653032565573 1
1.0152661479412 1
0.910813836194402 0
1.68511376212473 1
0.967243505631003 1
0.838994023996511 0
0.995042225833151 0
1.38842346669755 1
1.06214902378404 1
0.736802677142591 1
0.805455031778036 1
0.936370072965772 1
0.729215613951033 1
1.50993851783949 1
1.34943977427942 1
0.830872543658054 1
0.724179625313628 0
1.15683814314103 1
1.08511404407487 1
1.03840792266432 1
1.10716136216226 0
0.763453210396111 1
0.641119175671594 1
1.17865553577421 0
1.10412109877156 1
0.66915976082971 1
0.939159536041059 1
0.757092991858898 1
1.27302961422407 1
0.875619329117933 1
0.962467572524021 1
0.937111509995375 1
0.771570590052043 1
1.14766590011068 1
1.27300366071438 1
1.1960361554995 1
