0.556969984556307 1
1.10048041821266 0
0.812961087695027 1
0.816942419953496 1
0.669330222110064 1
0.830851563419823 1
1.12672271993617 1
0.906608588618295 1
1.94507747510657 1
0.78595015821348 1
1.40366095276024 1
1.21550389503742 1
0.859042976066272 1
0.806679787262284 1
0.996433617892308 1
0.666187859460363 1
1.06820182340388 1
1.18317068758668 1
0.829095881662883 1
1.39556308410265 1
0.870548645457029 1
0.620644372455928 1
0.803059267757383 1
0.708874066889972 1
1.08951454909143 0
0.792548691013259 1
0.680158465767941 1
0.784629379919697 1
0.931491110811214 1
1.02100993878434 1
0.752363700123381 1
0.87145521843547 1
1.40897677586608 1
0.714704200566681 1
0.832732923192026 1
0.697392888598007 1
1.30873845602052 0
0.603210669317929 0
0.874595414105152 0
1.20276979068371 1
0.650813005177945 1
1.41302964733013 1
1.50031146119463 1
0.656638526337444 1
0.872641708268821 1
0.773156204253508 0
0.916416404889383 1
0.980289479655253 1
0.978292159147109 1
0.797412528162179 1
