0.667398789971121 1
1.14876019807651 0
1.35907967582502 1
0.978307332481934 1
1.47076522385625 1
0.976764361861491 1
0.85740109067395 1
1.15863594947401 0
1.00558822152695 1
0.795422534742505 1
0.770209502793033 1
1.07371442125741 1
1.00085432988291 1
0.771565831759472 1
0.779736484525714 0
0.70377065385228 0
1.77245012634204 1
0.773261178670738 1
0.87783504255368106 1
0.74235299266499 1
1.68692744729427 0
0.921655083279786 1
0.636343041376048 1
1.03153380040832 1
1.06558738801929 0
0.862837552861315 1
0.789283613712136 0
0.704111295616761 1
0.812015883293157 1
1.1182656116956 1
0.772802495479134 1
1.8514891730238 1
0.684535063248322 1
1.04119706427958 0
1.40678659818794 1
0.751389487725609 1
0.936690932123302 1
1.89712604995747 1
0.704260310311421 1
0.75887258308333 1
1.1990874701012 0
1.76278070624866 1
0.713977895464255 0
1.07463853871936 1
1.05753327477299 1
1.09285725463583 1
1.13520176020746 1
0.891989975524405 1
0.773572055259173 0
1.29327652471707 0
