1.0014599283928 1
0.596661035524164 1
1.20078896645701 1
1.0385522882169 1
0.751991097684857 1
0.923781008381435 1
1.73852172964191 1
0.902272844629288 0
0.790464847793042 1
1.42222020256811 1
0.91225343680885 1
2.50063830965424 1
0.831554059320596 1
0.831223963245864 1
1.29874096190466 1
1.39220799541338 1
2.03144552917068 1
3.29852710866939 1
1.31242236326382 0
1.07301381263273 1
0.621929175974099 1
1.07983967095654 1
0.653687377699969 1
0.79919472692083 1
1.33695962940007 1
0.683011495870211 1
1.33287241318624 1
0.736147627232689 1
0.753647889537447 1
0.642055894536346 1
1.04182027085359 1
1.08737671312382 1
3.04198743300356 1
0.866473497656796 1
0.843861837271773 0
0.87417268596035 1
2.44570433779555 0
0.672235739311396 1
0.767118770215926 1
2.02714194225215 1
1.00539809971211 1
0.791921730400405 1
0.992807427144088 1
1.05441752335147 1
0.635735794485953 1
0.7970989441862 1
1.20484157340036 1
1.02835694602244 1
1.5536032065546 1
0.725434390725996 1
