0.669246075226128 0
0.638992981046243 0
1.13023657403472 1
0.793188929947591 1
0.706539819003367 1
0.786148298009272 0
0.883186838080466 1
1.39963502996747 1
0.83143387895037 0
0.992658892372904 1
0.683245021707155 0
0.756317934368846 1
0.815799294671553 1
0.863740426087711 1
0.952402120816644 1
0.677460875873594 1
0.711490666048037 1
0.717169730796158 0
0.927603663788738 1
0.669924155091506 1
0.660472750759532 1
0.693069419630132 1
0.724005319234935 1
0.670734074032802 1
0.780656307238899 0
0.665246181951245 1
0.680568289555002 0
0.698857359087431 1
0.810277905117 1
0.826022627070929 1
0.699835808328043 1
0.839532617280828 1
1.0596200299384 0
0.69245592970515 1
0.70201874782411 1
0.761742478936012 0
0.731930151152589 1
1.00566579850752 1
1.01423478789372 1
0.724090876197689 1
0.668277798672156 1
0.958686707463928 0
0.862194497355487 0
0.767300572352845 0
0.706414946156655 1
0.710021939839307 1
0.704612487286327 1
0.876558100700804 1
0.796229762585689 1
0.82180553760806 0
