0.878922260465883 1
1.28393054760547 1
1.29996905468431 0
0.955601901989133 1
0.709024958000289 1
1.17378297910172 1
1.36562270857196 1
1.37645047610101 0
0.86118111527844 1
0.830219968818694 0
1.00634174609931 1
1.01094999523935 1
0.840786747452857 1
0.679886304364047 0
0.962911414710338 1
0.794828747139455 1
1.22304043151516 0
1.23088699797552 1
0.800443937779653 0
0.693849162623616 1
0.934489879225819 1
0.895134471703365 1
0.711582001741413 1
1.11393009037588 1
0.897564229759598 0
1.0017943821076 1
1.63287628115054 1
2.08974347284145 1
0.914340861042883 1
0.965870612563277 0
1.00320436104183 1
1.81780681593944 1
1.187917275812 1
1.24885917216106 1
0.916042803588129 1
0.679737251983863 1
0.858767217529598 1
1.96124441177309 1
0.70271271793929 1
1.33154553174912 1
0.749209050712935 1
1.2243277042565 1
1.03136782933757 1
0.863617476462874 1
0.800083719797836 1
0.913532276710619 1
1.32365032824392 1
0.817487612328283 0
0.803893159679133 1
0.730495985983457 1
