0.65835836210173 1
0.841987607662224 1
0.913966774609593 0
1.10206338186999 1
0.806136932320624 1
0.541757689052526 0
0.527928776942368 1
1.47126236958372 1
0.466266899920767 1
0.707566646905754 1
0.418905820405739 1
0.479397189411761 0
0.378221648281763 1
0.579624996068774 1
0.475922623334746 1
1.04797384897764 1
0.553630220253881 0
0.563767497693909 0
0.481669939903905 1
0.488354688446466 1
0.446506027109425 1
0.854904448198859 1
0.38445318529181 1
0.878380579590479 0
1.07908492726565 1
0.463883177866259 0
0.529857770807186 1
0.780505992451092 1
0.908340458143664 1
0.671447986138349 0
0.410423578913285 0
0.989306178233283 1
0.378883675342991 0
0.530185957341598 1
0.504112368736467 1
1.12832813768966 1
0.437498496579641 1
0.648884175700946 1
0.466035242487903 1
0.935989401926302 1
0.36870604058609 0
0.441878752183198 0
0.456186464301655 1
0.429798197140246 1
1.55840520015551 1
1.71869359597961 1
0.820612089986976 1
0.744236202963035 1
1.2526321961109 0
0.826612269384618 1
