1.11747850837292 0
0.649358413684364 1
0.845414146174699 1
0.849340033309772 1
0.548578281573051 1
0.796989304009993 0
0.708716133147011 1
0.606919619117942 1
0.616346320297067 1
0.817518184341558 1
0.447058314042587 0
1.43484638588055 1
0.55671380055151 1
0.973997783371581 1
0.798341570980619 1
0.453614034372108 1
0.873354856961735 1
0.583118906041378 1
0.744877068751016 1
0.804275877868827 1
0.480521376503936 1
1.0217571739839 1
0.666741826943074 1
0.539183089235145 0
0.734531281736968 1
0.485576083355951 1
0.638574871684734 0
0.804419062175495 0
1.65469954149198 1
0.787020433390035 1
0.630000224317758 1
0.550619577336938 0
0.44842331841154 0
0.45364478214701 0
1.26410973444873 1
1.05228997421692 1
0.584232083245884 1
0.457423170487542 1
1.20028085125214 0
0.751050901155751 1
0.587912134684908 1
0.663396433415866 1
1.16737320737225 1
0.775995974865466 1
1.11243973341161 1
0.570366574781511 1
0.819440807300937 1
0.681632303933729 1
0.474687409781627 1
0.691725836106836 1
