0.748634779921351 1
1.24875447110422 1
0.901272957888832 1
1.53028236417669 1
0.76680778445544 1
0.799754129053253 0
0.94516097055956 1
0.865604135073295 1
0.78176645383519106 1
0.870513288559877 1
0.850927857463054 1
0.915635884378196 1
1.01512840698936 0
1.14817887366904 1
1.06845672163595 1
0.864389181939849 1
1.39995826851542 1
0.69589704144424 0
0.988255210070798 1
1.11279251175144 1
0.888331343351329 1
0.973993862222722 1
1.17124373319136 1
1.51107576753615 1
1.01816443831922 0
0.716475588972481 1
0.869003624432325 0
0.898922187752945 1
1.53564443434845 0
0.878177990454059 1
0.87649283192287 1
1.68320371577353 1
0.961640061230057 1
1.28665498291065 1
1.92339249661997 0
0.889543466994289 0
1.32087868086905 1
1.46911314146568 1
1.31973906765784 1
0.874359898571704 0
0.863088463408838 1
0.994122325479223 0
1.34257330526176 1
1.04751041972954 1
0.853535890765134 1
0.747275563683196 1
1.0654393615592 1
1.49719563235351 1
0.723662333719675 0
0.690033997018581 1
