1.40385963759364 1
0.672412671329284 0
1.1482270064019 1
0.892133258685625 0
0.750244524017206 0
1.19392121694872 1
0.904341700249992 0
0.913697043415162 0
1.20072744806552 0
0.864371610762185 0
1.082929611684 1
0.832578663417004 0
0.785606233775049 0
1.23756614423513 1
1.53399242444401 0
0.992635924699102 1
2.03587958815083 1
1.03295232740132 0
1.10513651794852 0
0.771915568261754 1
1.23703575103082 1
0.757970256134325 1
1.04610950579144 1
2.54046300213934 0
0.863390222166236 1
0.873042918471017 1
1.27014493835294 1
1.34701303104015 1
0.770115889745111 0
0.706508898079392 0
1.97394331040951 1
0.724965468228809 0
1.13345380269218 0
1.01597322086244 0
0.743226189475025 0
1.8069449715364 0
0.737210950668112 0
0.7683051678073 0
1.30062616410207 1
0.876411553754799 1
1.60708779620748 1
0.781063077096153 1
1.15754744869558 1
0.870842868025477 1
1.31198321657604 0
1.15883903911236 0
1.63117730348145 0
1.56966001660197 0
0.860890625085085 0
1.20383009602447 0
