1.22595223535228 0
0.940677194730008 0
0.819166071871424 0
0.751406317659301 0
0.969563489835109 1
1.10765203463034 0
1.86952093856484 0
1.22347747531942 0
1.3973056660356 1
0.515587131319452 0
0.496938295387528 0
0.588287034651016 1
0.921513183982282 1
1.48810870994947 1
1.39683713459003 1
0.80479360502149 0
0.569815302692508 0
0.975288350579729 1
0.602839058114064 1
1.03984502962218 0
0.713037431456431 0
0.880982530928033 0
1.20645127344187 1
0.686436598174945 1
1.21986268453274 0
1.33563587438856 1
0.606687822421501 1
1.2787642317947 1
0.723364942941155 0
1.54372673361355 1
0.678696028034326 0
0.729397332509834 0
1.26443683198139 0
0.545587560283127 1
0.925696055133623 1
0.477009421951009 0
1.15233476195682 0
0.576370382315313 0
0.667012267598115 0
1.5758324204789 1
0.829557501552645 0
0.646210539346012 1
0.549468319310318 1
1.22722688525146 0
0.60124094490598 1
1.04513044463009 1
0.4783096985764 0
1.01858813271587 1
0.594881863358525 1
0.497241235223114 1
