0.790015430144408 1
0.858704544449609 1
0.737098109443746 1
0.786440184455201 1
1.1202794457975 1
0.748171454108249 1
0.721596906193541 1
0.835203660077922 1
0.813285518249378 1
1.26958409277997 0
0.729614110845745 1
0.875480807696074 1
1.17035924090676 1
0.768294495646598 1
0.823338260039982 0
1.12664262851572 1
0.965828582902777 1
1.20934375378684 1
0.754064724545551 0
0.842925365855792 1
0.827829325647399 1
0.760363626634433 1
1.36022005172024 1
2.66167247067067 1
1.10375872124702 1
0.898912608761851 1
0.751109206501407 1
0.729256507754619 1
1.63194336998004 1
1.06911729032034 1
0.932859734965091 1
0.811471168499655 1
0.840097510790228 1
0.707865931262324 0
1.01244810275176 1
1.00653993937157 1
0.790446399512962 1
0.857454642754907 0
1.62997625213337 1
0.671302288637554 1
0.823128686293829 1
0.746015245683287 1
0.765631222554176 1
0.860739664200315 1
0.980037593617103 0
0.826142949360425 1
0.667038651786921 1
0.813274084530198 0
0.898650497679737 1
1.25712054648307 1
