1.21856252941928 1
0.82881898948124 1
0.661969980229617 1
0.629698922686132 1
0.976878332922172 1
0.556043128340856 0
0.672319457209346 1
0.578282549564421 0
0.636164682288968 1
0.611900990684941 1
0.579797441005221 1
0.545395853493847 1
0.541051666065801 1
0.810938412709252 0
1.00715690755776 0
0.789533633540889 0
0.705913257397066 1
1.6529463644384501 0
0.778616447202829 1
0.922147909965172 1
1.81021223999115 1
0.921853589993849 1
0.766777296949687 1
0.765222712662349 1
1.72870412916943 1
1.00860410308052 1
0.520864861361283 1
0.649084750673604 0
1.13305087390627 0
0.611148868623973 1
0.583766111557542 1
0.629122813578386 1
0.971146041464574 1
0.662511085617131 1
0.544611936976333 0
1.47039549805387 1
0.649393756415219 0
0.630760416489496 1
0.820105125019867 1
1.64596424190637 1
0.747033326446834 1
0.861025723333079 0
0.587598347567808 1
0.777623823177827 1
0.890846522729169 0
0.547819532745446 1
0.621113390835911 1
0.841581954411581 1
0.627816224371645 0
0.693928090414328 1
