1.16967347804941 1
1.11825015015963 1
0.911582154484282 1
1.19947737342044 1
0.892181256300805 1
0.794983650889443 1
0.905007833349913 1
1.12122587946421 1
0.91179152521827 1
0.812746976976493 1
0.982516213879568 1
0.743221550228614 1
0.76278446699293 1
0.704188405298351 1
1.37828740196673 1
0.726891971316075 1
0.856939670037979 0
0.901923417767682 1
1.12571320261155 1
2.24634263255041 1
0.987482619693977 1
0.787151931768881 1
0.692440552339704 1
0.881887795050026 1
1.76404801171538 1
1.23682328897885 0
0.700869981245594 1
1.35583373766681 1
1.01731775945586 1
1.40919522258978 1
1.25737654951873 1
0.800126385872121 1
0.875733833286246 1
0.862273276426099 1
1.17021699775937 1
3.6445756803962 0
1.07560603653956 1
0.726497991086568 1
0.856232997174392 1
0.779165038928771 1
0.871691568246432 0
0.960891255100716 1
0.780509846305687 1
1.08787129270175 1
0.963357044289552 1
0.903891795298949 1
1.07083346827595 1
1.38105221637427 0
1.16097412718063 1
0.923684826060036 0
