0.869793538406421 1
1.04633590401832 1
0.734653077275566 1
0.693630342762507 1
1.38672033005234 1
0.692055925771515 0
0.800848242715417 1
0.701161580344547 1
0.690447905639821 0
0.642003739048771 1
0.572716982326761 1
0.889184542222155 1
1.03062791356923 0
2.11711467174202 1
0.719141372659043 1
0.605826490393317 0
0.611310956989531 1
0.827505802484579 1
1.26740902455676 1
1.08865956396654 0
0.931537354212184 0
0.859980728234373 1
0.599479628952905 1
0.976024674476095 1
0.730825693422171 1
0.658374093743669 1
1.39758778128957 1
0.922435986792115 0
0.96282840945685 1
1.29094091333058 1
0.598258889541 1
0.832851019357062 0
0.943028829504906 0
1.1897858927702 0
0.953709936367662 1
0.863986053183287 1
1.26789913396414 1
0.823949656624627 1
0.660827268136247 0
1.94647217919135 1
0.578394165341668 1
0.683307441366089 1
1.21540264392701 1
0.869751823648673 0
0.854138566465021 0
2.12966274662828 1
1.61702739217451 1
1.12605810232028 1
1.50025620457762 0
1.2618719055791 0
