0.684830469367972 1
0.727797054049869 1
0.728725057752802 1
0.758736375162494 0
0.859605805320882 1
0.815448534744696 1
0.724124263313161 1
1.33437429453837 1
0.846676244369297 1
0.874454199267099 1
0.876988767303443 1
0.807424238140776 1
0.71271035975351 1
0.708168656016666 1
0.736191553208131 1
1.05793777037858 0
0.822894371438647 1
1.50453473430987 1
0.708991815999847 1
0.775130907407514 1
0.947822654997023 1
0.744360882622038 1
0.902312098929143 1
1.73311581727361 1
1.31197987841462 1
0.677949019047255 0
0.806473680934257 1
0.740359941250761 1
0.909633944628208 1
1.50932324960569 1
1.35205777628859 1
0.798603611772631 1
1.39125215208389 1
0.883075434883731 0
0.860317751348934 0
0.851320744267494 1
0.762100685368822 1
0.866251797837669 1
0.799864063692766 1
1.07173453709949 1
0.766219678618574 1
1.03680857991876 1
0.833846870438295 1
0.859752883181214 1
0.909780188568409 1
0.972447352898211 1
1.00004147340426 1
1.28406062095787 1
0.816093647208872 0
0.754827042835155 1
