0.842359739072247 1
1.39898068506113 1
0.570293935746821 0
0.714943767539425 1
0.744656715586493 1
0.941009636006953 0
1.12315409998404 1
0.804262167627638 0
0.707311719230198 0
0.710496798286688 1
0.617454744543543 1
0.680773297143243 0
0.815274950400713 1
0.509059541298229 0
0.517245927283648 0
0.628825212401922 1
0.756973677869187 1
0.544719546077416 0
0.945974257416158 1
0.627208421243707 1
1.11243384690432 1
1.00948256686255 0
0.528740739446018 1
1.10669375219863 1
0.674675991530405 1
0.736902327763182 1
0.650199335309079 1
0.692220663175189 1
0.649941515049135 1
0.479144343579147 0
0.473490666361046 0
0.719601856956129 1
0.489880202404589 1
0.583127805871545 0
0.510639892947333 1
0.770987311173424 1
0.717923234872195 0
0.605596567284016 1
0.817985069278022 1
0.569707896065812 1
0.640737465475311 1
0.628085688132369 0
0.730068681131547 1
0.530630166521942 0
0.80890114658074 0
0.769349752856473 0
0.742039359448919 1
0.767038639645097 1
0.931536482293129 0
0.945939953593685 1
