0.75768036514335 1
0.50352810727795 1
0.838813567214271 1
0.602154491067361 1
1.08328892258611 1
0.847980964324829 0
0.491613584159813 1
1.08369336053733 1
1.10601313672515 0
0.672715285665552 1
0.639853568478279 1
0.566348265530601 1
1.11094675194548 0
0.920774531040271 1
0.508058906128221 1
0.483213092668489 0
0.618250657348069 1
0.518898390327483 1
1.40021487088089 1
0.813404756753439 0
0.625895172020181 1
1.21597720061157 0
0.718698410541367 1
0.582652324750461 0
0.614780439975068 1
0.560345243470812 1
0.975248666632536 1
0.70284062895278 0
0.74142479439704 1
0.56458584402836 1
0.680517671553895 1
0.598469923412678 1
0.734290757954637 1
0.613261653773224 1
0.65123682818875 1
1.19613055113995 1
0.69414339971667 1
0.495648404829574 1
0.742994604207634 0
0.668028975550595 1
1.09478729603728 0
0.556321696312311 0
0.882584919868225 1
0.518802695223525 1
1.24198873824458 1
1.06138969576258 0
0.710060656016635 0
0.756743890329065 1
0.611521878847494 1
0.950621137285022 1
