0.802964994425346 1
0.768473346042017 1
0.928535438152722 1
0.923146951958858 0
0.911477535590253 1
1.10813539334739 1
0.650630188241421 1
0.992209239316455 1
0.798028200679035 1
1.30187593932175 1
0.68318363017171 1
0.715608692002803 1
0.80508072202422 1
0.797788926785821 1
0.905159198991505 1
0.765639000332818 1
0.635504846646375 1
0.720736852110414 1
0.793051133452597 1
0.689067044695228 1
0.745545142438762 0
1.08725405945246 1
0.965316266733593 0
0.936419933536329 1
1.04251948683029 1
1.33427043967111 1
1.02968526301453 1
0.988670746056921 0
0.745425650454006 1
0.676841096895441 1
0.698561543195626 1
0.811084907105698 1
0.890271850383509 1
0.681088590033014 1
0.896400926941741 1
1.17667199398134 1
0.80519364424921 1
0.892700692496873 1
0.839125456839683 1
0.832859371080727 1
0.971895150868888 1
0.797304015327156 0
0.721372279039224 1
0.649607981511058 1
0.705911333613274 1
0.729119977268632 1
0.718957874121312 1
0.723669558601836 1
0.730644401861387 1
0.747212945082938 1
