1.38095505413074 1
0.955787405243978 1
0.993142586226285 1
1.27301427685307 1
1.62839725813755 1
1.98499516678921 1
0.861289016058983 1
0.76574903375658 0
1.38498002623688 1
0.865787910234772 0
0.830448027851169 1
1.9362872951139 1
1.20167104944006 1
0.867648422208479 1
0.897556775616408 1
0.935901247777507 1
1.64095366617485 0
0.761032117695669 1
2.17108022707532 1
0.795390448832686 0
2.39189670467676 1
0.866254994651368 1
1.85529599309033 1
2.06978320331899 1
0.982697588807466 1
1.36221027770157 1
2.53249905467222 1
1.11400041503924 1
3.83832028740896 1
0.845288471689204 1
0.878718404903643 1
1.26772412206271 1
0.818347827933599 1
0.782548088509298 0
1.51117140363812 1
0.704935090014686 1
0.8489755514646 1
0.798137976635467 1
1.42101438572049 1
1.1972132009998 0
0.819775218072748 1
1.27145335710857 1
0.919741909203567 0
0.909024923452995 1
0.672873960495194 1
1.05404608660197 0
0.780820967976911 1
1.19866938772224 0
1.16140376190316 1
1.85064630408007 1
