0.82988518025458 1
1.02594490754823 1
0.68299470145203 0
0.941989252889452 1
1.56972148465535 1
1.58009593394763 1
1.2379090866506 1
0.905660763818422 1
0.707419136573712 1
0.954855717444423 0
1.37305123275352 1
1.08044467104686 1
1.03413004609095 1
1.04017272067198 1
1.03798379201642 1
1.33070888570769 1
2.57273532558365 1
1.099336713296 0
1.4852934633504 1
0.8042286583624 0
0.780233682869943 1
1.33330641351722 1
1.14056557094451 1
1.69663693947118 1
1.10233208069746 1
1.96142303951273 0
1.40476468754893 1
1.43727429780958 1
1.33644703567165 1
1.15225735838008 1
1.1708095076964 1
1.08754213808877 1
1.55299675717684 1
1.2867832338673 1
1.06263733159088 1
1.401658740049 1
1.75893881109729 0
1.9618082888954 0
0.93768629057108 1
0.850077785979737 0
0.888108940234035 0
0.815739184895311 1
0.848071591296389 1
1.12491595627482 1
1.01911347434577 1
3.07730219874308 1
1.4375090509987 1
0.886143690843607 1
1.05542539499379 1
0.716696827067104 1
