0.827106216770669 0
1.15739100713293 0
0.841081339128128 1
0.878665156920083 1
0.810328268843095 1
0.93692402197588 1
0.839715199312232 0
1.48422531329698 1
0.76873973886944 1
0.875310543221008 1
0.922580438438167 1
0.928314824987377 1
0.825954237891464 1
1.15123085519374 1
0.856471933449046 1
0.902077174014078 1
0.758058606393758 1
0.797951770943997 1
0.640884139262885 1
0.862515705392252 1
1.22864610576587 1
0.84459978012228 0
1.38333706082816 1
0.633960259970892 1
0.973312810965822 1
0.808567321797259 1
0.814168112780361 0
0.675310075202769 1
0.932495280567002 1
0.933463863559439 1
0.725165840334582 0
0.72118205744099 1
0.908696147158952 1
1.17313869128804 1
1.23490229702699 1
0.870396988039488 1
0.967358054958697 1
0.735853986753769 1
0.857496138959374 0
1.06271619630573 1
0.710778246398173 0
0.687958837763958 1
1.11440531580583 1
0.708486183108717 1
0.887398257536047 1
0.872937371673237 0
1.01670821595851 1
0.739508037026176 1
1.01804980745795 1
1.44060791215017 1
