1.79487758642429 1
0.655738408540341 1
0.740552514278372 0
0.567880497302714 1
0.805295222797996 0
0.56803291691052 1
0.895552320473727 1
0.586360827813188 1
0.67919599515777 1
1.25867746690028 1
0.677635074848735 1
0.929981176950295 1
0.67300730475856 1
1.04473226999147 1
0.863682334860519 1
0.751713108847102 1
0.754929558304624 1
1.06199665864084 0
0.993250915318866 1
0.655216854850979 1
1.14882381411134 1
0.642716886920906 1
0.684500660592274 1
0.983631823753758 0
0.569558530736809 1
0.73350954077247 0
0.623488433042341 0
1.03776530907015 1
1.09406384974083 1
0.888712623453371 1
0.56510286124658 0
0.625095489590974 1
0.807843541878671 1
0.724140714894856 1
0.508685212130905 1
0.552836228932781 1
1.41220882551278 1
0.853572764719877 1
0.578532558001033 1
0.967416848239409 1
0.984668976389559 0
0.642047218753722 1
0.931922830359699 1
0.521575723938679 0
0.598434839975863 1
1.10210355865622 1
0.547927882789631 0
1.16712484533335 1
1.35645906754742 1
0.866410446824394 0
