1.29568346968164 1
0.940821249104504 1
0.765561386126869 0
0.710731611590516 1
0.878304339563005 1
0.844464276413191 1
0.76109278858416 1
1.16781854247579 1
0.785376525935101 1
1.03942908001392 1
0.798277186080322 0
1.47372083801888 1
0.815373412776107 1
1.53089380200277 1
1.44911415553827 1
0.845082502411248 1
0.754217948649323 1
1.26132684390231 1
0.697070692239226 1
0.938580023669699 0
1.09684904668972 1
1.00784215311244 0
1.1277081986539 0
0.924535467297907 1
0.791833304150405 1
1.48671692328743 1
0.701308992529856 1
1.32666874198882 1
0.961884948316855 0
0.765952837164187 0
0.694872598303564 1
0.814345738158305 1
0.728619046682876 1
0.940508262640104 1
0.768890208330316 1
1.00994464261836 1
1.24675153906305 1
0.856173831880639 0
0.693544422312502 0
0.939180361240299 1
0.792891835790985 1
0.719956397724885 0
0.99277641560844 1
1.42413603732202 1
1.22081630127478 1
1.3834197425602 1
1.0187767682711 1
0.960837492839046 0
1.0269514202434 0
0.923538565489379 0
