1.42857805159733 1
0.988519418357606 1
1.13054036132367 1
0.822627918257018 1
0.842226390337468 0
1.65335990326279 0
0.890688446213172 1
0.98958677267436 1
2.13995522567689 1
1.33245418884281 1
1.06951533416869 1
1.00289464268293 1
0.97104977872464 1
1.06195730153679 1
1.10797606383505 1
0.636689885971543 1
1.2134522173404 1
1.55734437558602 1
0.820383078950337 1
0.764722338850563 1
1.11868229404173 1
0.670649741848887 1
1.49868233851354 1
0.792446459094552 1
0.661782903892839 1
0.976717298368321 1
1.07918569371901 1
1.46301522691825 1
1.27652761558981 1
0.831186759113193 1
1.27335487677059 1
0.943118546858644 1
0.833237785095077 1
0.738972009496023 0
0.65258265566141 1
0.693794076888637 1
1.15009489951479 1
1.21501658446772 1
1.61628698462504 1
1.16303423623613 1
1.93798092468841 1
0.902138493959561 1
1.07577012251453 1
0.976370913869532 0
0.973730006216414 1
1.66312414002043 1
1.18782492655634 1
1.413526260367 1
0.717066656414604 1
1.12429766901905 1
