1.62289882058525 1
0.715704254807229 0
0.885937331948853 1
0.867278590724964 1
1.40297716052954 1
0.96627014100654 1
0.756625453563183 1
0.724293935114507 1
0.84500031726366 0
1.39848901947443 1
1.05533588644413 1
0.794897382447995 1
0.868930811406446 1
0.8609589008733 1
1.68706091607804 1
1.29385720864977 1
1.06487565860108 1
0.903271702147173 1
1.29260675649397 0
1.21165234247565 1
0.792567315637281 1
1.18387110844995 1
0.819594577021259 1
0.907851033095785 1
1.00783525456398 1
1.46313090063628 1
0.843865237772373 0
0.905060001025219 1
1.00240941892885 1
2.87779476632313 1
0.929642845762202 1
1.0241166848162 1
0.831750048613674 1
1.62433685845581 1
2.00191190749912 1
1.06420804635582 1
1.28767760959657 1
0.827684792072799 1
1.27897316334096 1
0.982253024528236 1
0.965452315441347 1
1.13020509601976 1
0.855392573053729 1
0.722552903245488 0
0.787634083685228 1
1.07644079166703 1
1.3800559415463 1
0.955645151613065 1
1.1799816377237 1
0.919952752046318 1
