0.894245067992901 1
0.677362669389782 0
1.02898897234872 1
1.49386318510854 1
1.01028834521598 0
0.974751388634165 1
0.780396553534832 0
0.763642751863111 0
0.704040158165062 1
1.48330786800403 0
0.778662491781429 1
0.619168270963191 1
0.708011374368881 1
0.992484289534743 1
1.08913722596582 1
0.605582193276638 1
0.673429169487815 1
0.740255588206576 1
1.08227139893947 1
0.669506428244751 1
0.868101475843421 1
1.30435857661296 1
0.804250503986161 0
1.73664886374305 1
0.724924640895933 1
1.51878627419404 1
0.631378710696735 0
1.51824900389 1
0.981367274808534 1
1.5879639070021 0
1.16894333762573 1
0.943269934460219 1
0.699639358477485 1
0.719690968912607 1
0.733569328885177 1
1.06470589490065 1
0.689076367421404 1
0.998686269407111 1
0.716030644206847 1
0.865745708740393 1
0.633935090123974 1
0.838250362295468 1
0.790705687310293 1
0.707163394381316 1
0.760616877957337 1
1.0836540108231 1
0.892870998494586 1
0.728928097804605 0
0.966270993434461 1
0.989058891170847 1
