1.10066508002248 1
0.731171886025339 1
0.83712946190476 0
0.719180353638503 0
0.88358959449678 0
0.771110001732312 1
0.766254637616856 1
0.805143475376222 1
0.762314416754744 1
1.24852539973559 1
0.666410163726517 1
0.776007633209799 1
0.649430081766684 1
1.14249127437685 0
0.850708271011565 1
0.721176450174676 1
1.09132705152749 1
0.701349380450592 1
1.22902045893056 1
1.3099545568906 1
0.87143593963927 1
0.917671470620131 1
0.980977344533887 1
1.00603164290559 0
0.895566790593111 1
0.702329550427218 1
0.717562276954359 1
0.627865436955571 0
1.03704356359262 1
1.10881490190793 1
1.05125515488822 1
0.669768825602084 1
0.897480655826235 1
0.627372835151445 1
0.704737037554491 0
0.655115420024814 1
1.03096684606 1
0.950321623254775 1
0.630015553988636 1
0.764327278835714 1
0.874096303826001 1
0.979213208995214 0
0.67115981581445 1
0.858787831835854 1
0.681520764635754 0
0.630999295219067 0
0.623470168579819 0
1.10486646189827 0
0.898199385602718 1
1.08962141887497 1
