0.6133543924525 1
0.753956401289748 1
1.08071092811071 1
0.681497761846636 1
0.822890101178751 1
1.46068448484008 1
1.17234170837607 1
0.935069063089165 1
1.46030782145579 1
0.80511705575543 1
0.818592895168851 1
1.29041097648688 1
0.822686875702679 1
0.937976793411651 1
0.84210703608509 1
0.666397219080396 1
0.69540987230748 1
1.05160561619066 1
0.937873888902635 1
0.726233455557332 0
0.874694503862255 1
1.09790252865341 1
0.639245418605452 1
0.670518834828431 1
0.764468631162363 1
0.734990465086396 1
0.790639031790486 1
1.52649793838106 1
0.902599888610166 1
1.6334432855099 1
2.44907912941436 1
1.48410969710586 1
0.749817900505129 1
1.20280577106875 1
0.682316437334813 1
0.951157093324706 1
1.13591119583759 1
0.695810574869738 0
1.09573079096961 1
1.32942053504082 1
1.12670696470936 1
0.611815706531524 1
0.849714283294931 1
0.820498827006985 1
0.901509659308559 1
1.30488872594382 1
0.697700301367208 1
0.633236666240092 1
0.612475098708543 1
0.805809486214765 1
