1.47380283128494 1
1.04439180857226 1
0.760701640346241 1
0.988893221669974 0
0.798837320089598 1
0.75199966208474 1
1.05208501159781 1
1.87018216448626 1
0.844639548188157 0
0.890770601441288 1
2.20860366816803 1
0.789347798099447 0
0.904589156044502 1
1.64700652111771 0
0.758014341669523 0
0.877990319685467 0
0.844496564739675 1
1.0506675175355 0
1.35334703109225 1
0.698908808680296 0
0.835679745350076 1
0.746367031144614 1
1.7692981636572 1
1.33426515953988 1
1.10321286988229 1
0.987649456291826 1
0.93002254154156 1
1.20308538594513 0
1.77584712352699 0
1.2985516578962 0
1.13936758348713 1
1.22876635487204 1
0.76406737582278506 1
1.33769587712445 1
1.16969273494451 1
1.0244686909133 0
1.04917859117711 1
1.05462418185632 1
1.42499873858366 1
1.10499695240348 0
0.736147492984984 1
0.998959344857694 1
1.38216109120451 1
1.92220997797725 1
0.878904898588706 1
1.19351543362186 1
1.31421475074486 1
1.11593524246984 0
1.07616943655172 1
0.724430034327615 1
