1.359647500171 1
0.922473149993784 1
1.74973663926847 0
0.99358321862794 0
1.30235370257486 0
1.10328698770884 0
2.54252684191371 0
0.793834611466072 0
0.893602774299163 1
2.05931586919705 1
1.28754610210002 0
1.02043738844372 1
0.976903605423317 0
1.41874891367317 0
1.66861788643533 1
1.3371297262495 1
1.3219092195386 0
2.03214255289665 0
0.955183399425678 0
1.39386861876073 1
0.885807889151872 1
1.0579848894647 0
0.927186727407313 0
1.73416750934297 1
0.897261042025661 1
1.04291524525658 0
1.1682249330677 1
1.30029709164413 1
0.909627466659282 1
1.2254998348354 1
1.89394719648137 0
0.925170540856428 1
0.869368812332101 0
1.27299928175443 1
1.44170370273008 1
2.15301401542863 1
1.09805483298746 1
0.939428963003861 1
1.54897309443869 1
1.03599549684499 0
2.01780921272905 1
1.57081254601267 0
1.76985868511341 0
1.78291031971092 0
0.838381062254523 1
1.29775064797635 1
1.17886704902807 1
0.771601585062426 0
1.49351177638864 0
1.2126795112728599 1
