0.827353134140628 1
1.45327068846753 1
1.38523175201041 0
0.941530274323121 1
1.04899450180616 1
0.78940504380907806 1
0.968480935135209 1
0.613582568651885 1
1.29412466992167 1
0.954257667985322 0
0.649108209875964 1
0.679987460599877 1
1.12286043980589 0
1.55749562644838 1
0.986904130729896 1
1.78011714677682 1
1.41371382519411 1
0.939570478279907 1
1.15752548693573 1
1.0210089464596 1
0.733005013527424 1
0.833369062683893 1
1.17748299815875 1
0.637881614569257 1
0.699529271664085 0
1.27193510126252 1
0.837341216166084 1
0.789919150800234 1
1.23359400607112 1
1.49337586041175 1
0.707743562038693 1
0.763107478845981 0
0.606832912892243 1
1.96502754635503 1
0.779320219954678 1
1.5621331977571 0
1.02430914112971 1
0.620828057079863 1
0.804634667659811 1
1.0070320298808 0
0.83611630709936 1
0.662387221253101 0
0.67388939310588 1
0.677997285093585 1
0.573603613718313 1
0.908879755653706 1
0.823078876529373 1
0.679958406898665 1
1.32187196440223 1
1.25344438636151 1
