0.964889029742855 1
0.825738592244749 1
0.879931020108715 1
0.971675814958205 1
0.856701668239174 1
0.872984365747994 1
0.939151536697857 1
0.958132756710514 1
0.929244262744687 1
0.800249645297863 1
0.911117611586441 1
0.918302409148509 1
0.988477346050174 1
0.913931560529237 1
0.764699497044109 1
0.756083041205859 1
0.839882451309843 1
1.05420747482479 1
0.801647746123329 1
0.985920662440015 1
0.814096380361506 1
0.814167449394509 0
0.989975260153572 1
1.0341718519419 1
0.819884632415333 1
1.42735206125379 1
0.831562063645313 1
0.851294794897006 1
1.08164088482949 1
0.915836401882333 1
0.852717157460809 1
0.979047682608365 1
0.806156094495006 1
0.798111698517359 0
1.74766269867593 1
0.946019864808503 1
1.46798955988207 1
1.00731917513162 1
0.936016247319102 1
0.878407322676427 1
0.95655550059345 1
1.09583280240549 1
0.790694172966496 1
1.15890165172447 1
0.932314611408087 1
0.814470565132963 1
0.883760997407085 0
0.932276905959459 1
1.01950854230981 1
0.976075350095304 1
