0.8157165845037 1
0.822819815419974 1
0.954149986606195 1
1.64421769632553 1
0.699141055620264 1
0.74328582012916 1
0.769948921359319 0
1.35658240135164 1
0.759185892789986 1
0.77885663450107 0
0.668291426995992 1
1.26330373079238 0
0.729917349940121 0
0.710913946223422 0
0.70213992765139 1
0.991733613757722 0
0.70506003362105 1
0.818493010561001 1
0.786501293008689 1
1.09691870978228 1
0.881318087932847 0
0.706248955392902 0
0.713426638017004 0
0.855609684326246 1
0.672569336120298 1
0.782530679954492 1
0.709584832575915 1
0.864417205506529 0
0.692340166244528 0
0.740977662421404 1
0.767296732541821 1
1.09962857793463 1
1.02699658682177 1
0.863790315066887 1
1.21533467879769 0
0.742273550821859 1
0.700450770601173 1
0.848436350806229 1
0.819250540009911 1
0.780963673460123 1
0.709452002943192 1
0.765404546514326 1
0.786883938662366 0
0.730473679335366 0
0.831238280425944 1
0.928795522642415 1
0.846997315282916 0
1.04130698138425 1
0.818982583740464 0
0.7025272674777 1
