0.670697722517339 0
1.4905625605231 1
0.756975017041346 1
0.707263405304131 1
0.802454687957326 1
1.70764813561042 0
0.6879914569591 1
0.860860252732772 0
0.705918857577327 1
0.659959915234703 1
1.07356433061703 1
0.994814662267329 1
0.992696448753777 1
2.09031991725976 1
0.77960211958082 1
0.709524827571975 1
0.769412900707833 1
0.642709507277261 1
0.687917034407732 1
0.638567298963764 1
0.932367240555051 0
0.873757137951871 0
0.66921984738933 1
0.612418163557425 1
0.969892262881019 1
0.734272726333379 1
0.646536095703024 1
0.834068312641268 1
0.561184139096839 1
0.644191945937016 0
0.661584167153336 1
0.773997625328787 1
0.668113715470406 1
0.892211910131747 1
0.857301834109937 1
0.647576466968274 1
0.765077012671906 1
1.67058441423273 1
0.795209805195445 1
1.27311662079208 1
0.686039680433553 1
0.641360081785233 0
1.07374147608744 0
1.02382034604248 1
2.25947495628253 1
0.857990804081581 1
1.02554337572169 1
1.23354715118905 1
0.591821943136336 1
1.08802072426383 1
