0.881531991792676 1
0.750987676141289 1
1.11620256097292 1
0.955118800865137 1
0.733216234900453 1
1.05307788437141 0
0.782601422736517 1
1.26251615564756 1
1.16017552523824 1
0.626739624875456 1
0.714887773621052 1
0.796921463064668 1
1.15953448125232 1
0.752578996555589 1
1.33505726514598 1
0.91314762062419 1
1.18591913829286 1
1.6526708516105 1
0.604607029204202 1
0.662174887445036 1
1.31909055174029 1
1.31868435408658 1
0.82170458665176 1
0.776431002732828 1
0.943824679330667 1
1.1807966174722 1
0.919644996926869 1
0.782698088882062 0
1.26868546677338 1
0.64540682069819 1
1.7117834397173 1
0.844499633094615 1
1.35866778207586 0
0.718801581214715 1
1.27578374883712 1
0.870811346701072 1
1.5404445807123 1
1.47174600210239 0
0.698146346653094 1
0.635893289247381 1
1.58581891542349 1
1.02878304043887 1
2.05746380637997 1
0.892618100382914 1
0.975890518249186 1
1.39992180054402 1
0.898873777699723 1
1.29356001137841 1
1.2229341098088 1
1.11694422546789 1
