1.82298027055789 1
2.7665248457987 0
1.4275894886114 0
0.765374736561515 1
0.71764322657845 0
1.26267632826344 1
0.601689717147582 1
1.13109562584471 0
0.633729134918419 0
1.29778617350379 1
0.766797426200665 0
1.04798887147822 1
0.804047681274491 0
0.585757742815619 0
1.1265777583238 0
0.727949370068455 1
0.584106267859888 0
0.768452561838189 1
2.7427831798473 0
1.02599825355442 1
1.45015830664246 1
1.48722205540735 1
3.52238198309721 0
1.52868496083505 0
0.799993897160288 1
1.29240422576728 1
1.48388207390106 0
2.27409994373545 1
0.746005898194892 0
0.615896702249306 0
2.27679428596583 1
0.9006618323808 1
0.621347148666494 0
1.6773627348269 1
0.822872725500854 1
0.992405420913579 0
1.47738811146139 1
1.25321909842798 0
0.870189150990234 0
0.818062337830017 0
0.970813631507651 0
0.82236141595873 0
0.9654635281742 1
2.10727693127085 0
0.884918331750943 0
1.93399787948893 0
1.45601416655163 0
0.871795505238362 0
1.33011312551371 0
0.73959688615391 1
