0.690344690946735 1
1.04410046680098 0
0.643399639092146 1
0.732261298402234 1
0.721492818289379 1
0.642370681365617 1
0.793660849903583 1
0.71802029843263 1
0.670289126474592 0
0.588822184350265 1
0.812491135614989 1
0.760364866647118 1
0.78305392255393 1
1.04491497922798 1
0.737426148275209 1
0.731027032766074 1
0.630772447197147 1
0.985965998397641 1
0.674534954003875 1
0.611911148956274 1
0.762331603608219 0
0.823546170548016 1
0.660399316997838 1
0.633625512767669 1
0.904048568071551 1
0.800577919372899 1
0.968293094746512 1
0.785187563293599 1
0.737780470101948 1
0.682827682489473 1
0.712965340682147 1
0.974436743485062 1
0.745627087445632 1
0.866526377696803 1
0.977533192368303 1
0.86934837141738 1
0.651715960769776 1
0.774824849945938 1
1.12411378165604 1
1.08194697630395 1
0.683179586763369 1
0.717027022422921 1
0.84193487925003 1
0.869963184201395 1
0.640558482035199 1
1.18723004729937 1
0.965497255821024 0
0.758496185875953 1
1.11892066135115 1
1.14120065267536 1
