0.729876601275129 1
0.728560295553088 1
0.931368250133951 1
1.20928220507434 0
0.79541203343487 1
0.570323657144063 0
1.05183561169879 1
0.857648131703961 0
1.07387552023985 0
0.588350780545876 1
0.68724048348833 1
0.815078937203024 1
0.79363870705768 1
0.517860446208086 1
0.940591576669545 1
0.520279626637163 1
0.699662938705185 1
0.965757209537684 1
0.627530920279253 1
1.30218980368154 1
0.914056188949848 1
1.38141851015509 1
1.25676678522628 1
0.685227183893526 1
0.898223512590153 1
1.02905982952659 1
0.800468111751713 1
0.509329922125746 1
0.523849078038001 0
0.64279190644009 1
0.882647350095252 1
0.943966595186251 1
0.851538783598673 1
0.532420848415945 1
0.567232136036256 0
1.04261357349427 1
0.579164315436886 1
0.620073284271146 0
0.885339448900005 0
0.546437007263529 1
0.814664020784946 0
0.622767980408031 1
0.515233548604313 1
1.02327424425452 1
0.839654431586685 1
0.688744269509431 1
0.511163146127795 1
0.60493965214497 1
0.582476632490417 1
0.602129565636529 1
