0.651803198149542 0
2.5150988225363 0
1.26190572997773 1
0.700514393153952 0
0.771638249027358 1
0.737134788896826 0
0.770893298157786 0
0.816304671095057 1
1.9850876270006 0
1.29844141942739 1
0.837446951255813 1
0.704571444575188 1
0.819624752971266 0
1.03407678463417 0
1.04213278155801 1
0.719368080155742 0
0.650779327926052 0
1.61608397949957 1
1.39791958800413 0
1.00540058422058 1
0.78733105831167 0
1.35743654682954 1
1.5077128615456 1
0.710314573557837 1
1.13431748869751 1
0.713622179513816 1
0.968351768209728 1
1.07366479053757 0
0.716836951254753 1
1.24223676394905 1
1.20597407363789 0
1.8725008833274 0
0.622318504645095 1
0.623572122158717 1
1.38616413668379 0
1.67458150163893 1
1.27840243084699 0
0.72683566258891 1
0.844271762907784 0
0.843202035797574 1
1.39210663333583 1
1.82020706254316 1
0.840483641643004 0
1.41819373598684 1
0.958386888312357 1
0.949016766711608 1
1.9690547679464 1
1.64963388702032 1
0.867097307987566 1
0.731843534906102 1
