2.98358782483903 0
1.49055217960286 1
0.531469731566355 1
0.724738673354378 0
0.632377474113253 1
0.577293155245565 1
2.14985355097584 0
1.1454113938072 0
1.16831301797022 1
0.943058253464447 0
1.6333329837566 0
0.728372464421337 1
0.823519011606027 1
1.19875246608818 0
0.495526754721238 0
1.70379730361702 0
0.909399429401355 0
0.804983573795487 0
1.71395732076447 1
2.02759531269213 1
0.84128929305347 1
1.02654738361855 1
0.539801362393679 1
0.938483552343586 1
0.837650479635606 1
3.12832386645601 0
0.611736392599274 1
0.615632453641954 0
0.877525164177828 1
0.653489356596096 0
0.508389009832256 0
2.23054053010005 1
0.691241348766798 1
0.958025160770678 1
2.55561580452968 0
1.77357547210632 0
0.789824767022082 1
1.08676202183008 1
0.683593255578629 0
0.892070150655681 0
1.10787086849431 0
0.579037040438486 1
0.741667881859566 1
0.566539917314199 1
1.15012348019562 1
0.921585066370703 0
0.96869219471149 1
1.34771248030042 0
0.677408583617539 1
0.585100178379609 1
