0.387943608050795 0
1.53012577516572 1
0.464241778134466 0
0.758643474736378 1
0.485856396604683 1
0.924493333060583 0
0.451729909265899 1
0.318782479850305 0
0.735394496483916 1
0.35481196255321 1
0.705960790769022 1
1.62848028082762 1
0.741961628891518 0
0.709175709738467 1
0.436263888635949 0
0.483079959852842 1
0.370534357439926 1
0.398815194280155 1
0.352141498035467 0
1.25781799397993 1
0.35713217636035 1
1.01139078972678 0
0.597253782607042 1
0.496096201353139 1
0.631820224673733 0
0.705216730513752 1
0.64765511613466 1
0.433743796437589 1
0.992106071636163 1
0.344628176258418 0
0.678815049794723 1
0.761157338165373 0
0.654468581601766 1
0.462127109098867 1
0.472374082876484 1
0.704678079357555 0
0.529224507064299 1
0.696990641072761 1
0.435304052101659 1
1.02201772219588 1
0.704232597632063 1
0.470971690831086 0
0.824073927184627 1
0.688922411447764 1
0.636409233006202 1
0.600286437646881 0
0.472165046778149 1
0.720447275293509 1
0.360125271594493 1
0.714005827563481 1
