0.807049762497531 1
0.980222881052481 1
0.91326271485268 1
0.885569596274494 1
1.19628047734304 0
1.99316942145851 1
1.5226452518423 1
0.961098490296656 1
0.907841065348378 0
1.74286934937685 0
0.974470866241942 1
0.93872842195679 1
1.09956786438948 1
1.46776254768018 1
0.907960280686826 1
1.49839139332597 1
0.870437228359738 0
1.16389529697358 1
1.14998755407381 0
2.23160918807384 1
0.948464712650654 1
2.52104220372898 1
1.20008307234938 1
0.869442210471841 0
1.15992961573706 1
1.58028897312969 1
1.12647800672879 1
0.808325386216669 1
1.02869640566153 1
1.12044047274375 1
1.45764458245881 1
1.83241743053902 1
2.21465663129747 1
0.847647189637214 0
1.38020487203955 1
1.05708486422854 1
1.0669999473028 0
1.00698060876268 1
1.34932903946481 1
1.32128458463126 0
0.9554514787793 1
1.07750880392856 1
0.827034138836023 1
1.57707420640194 1
0.765282704100815 1
1.44364298442917 1
0.996889709420023 1
0.979954824233811 1
1.25282528136783 1
1.19933805382519 1
