0.634560673688991 1
0.654556377216588 1
0.669995825878419 1
0.732338673059256 0
1.64197027534239 1
0.890328436642305 1
0.664215450494649 1
1.2845353914573 1
1.17359365360301 0
0.883115710235009 1
0.730389437093943 1
0.825792678540666 1
0.766123960711788 1
0.591164054475278 1
0.865308942686898 1
0.832882039228988 1
0.92724373606158 1
0.597979597708296 1
0.757706943944741 1
0.629638333969129 0
0.840200000286026 1
0.649653879194075 1
0.648882698484686 0
0.781415237176177 1
1.5606337549664 1
0.588807695950723 1
0.586881307537977 0
0.788821889846824 1
0.726559641546735 1
1.01414280562042 1
0.762017356285696 1
1.12744120506336 1
0.691233199469181 1
1.15264009769647 1
0.715706960089695 0
0.580916738937099 1
0.569565033609051 1
0.569382477047855 1
0.962477515420479 1
0.708173142971232 0
0.960124990599566 1
0.990096948920266 1
0.645255895617144 1
0.67717602911177 1
1.02368599201391 0
1.01146994268499 0
1.09817529937022 1
0.626454183135357 1
0.732608729113412 1
0.686981208811107 1
