1.4227285638545 1
0.942022246054176 1
0.845568938924847 0
1.15997219515441 1
1.66714538444619 1
1.45050597653079 1
1.14575920237352 1
1.72590261096701 1
0.963793814071664 0
1.37096542725909 1
1.15537873266172 1
0.860267568734706 1
0.731934084493538 1
0.816867925269334 1
1.35382364533979 1
0.855460760434187 0
1.73454499191704 0
0.74667516040359 0
0.860446753476814 1
0.911010667264389 0
1.1680374301654 1
1.41819455546463 1
0.690114683915501 1
1.03630109261647 1
1.95360098445868 1
0.938905626180561 0
0.811816981374951 1
1.31640260944837 1
1.61060531571282 1
1.04564382336866 1
0.753255935227055 0
0.629383949866173 1
1.53139653240909 1
0.854194484347792 1
0.886580520181109 1
0.833820570233005 0
0.749163186091856 1
0.858212347243031 0
1.70897272824409 1
1.19281980843215 0
0.816819256393843 1
0.922150263320288 1
1.38141616562795 1
1.22664893604202 0
0.906632134017047 1
0.867833441362715 0
0.927903329636012 1
1.14651261474331 0
0.738535582354799 1
1.00242924476509 1
