0.733608626446758 1
0.76645420431988 1
0.78711565418319 0
0.65952816248313 1
0.555580860931513 0
0.670877728676856 1
0.825859477323099 1
1.01506567767287 0
0.586565464978155 1
0.728098305552837 1
0.713274876812537 1
1.0822944637118601 1
0.617478933173966 1
1.1184441498196 1
0.579193950240142 1
0.822564829817982 1
1.05188078436821 1
0.799079980274449 1
0.755880302808979 1
0.620935062090979 1
1.23146750142442 0
0.877855231603991 1
1.4420330013859 1
0.683172687268085 0
1.27013944000592 1
1.06223391920879 1
0.879274896985878 1
0.572112734260446 1
0.921507191524736 1
1.20065801555438 1
1.00912932861584 1
0.834171338946568 1
0.72067401612213 1
0.777679094312054 1
0.958331253136417 1
1.34401562163446 0
0.628157925583123 1
0.798482485817607 1
0.796643460629354 0
0.7128053271224 1
0.599170097478071 1
0.653715471908771 1
0.586383792908426 1
1.04601302104119 0
0.627978430422914 1
0.546347983940932 1
0.71336540671032 1
0.59818130347071 1
0.603100127231467 0
0.538216139264431 1
