1.15820777620645 1
1.04923402553613 1
1.14341616314888 1
1.0491358648026 1
1.15089175829349 1
1.05325355687938 1
0.778951051585996 1
2.00334731431154 1
0.797059337193923 1
0.773026918050202 1
0.911239101081793 1
1.45104039226015 1
0.886474022311667 1
0.82781611089299 0
1.54569345193223 1
1.15084328448613 1
0.7868989605801 1
0.917463377584575 1
0.854136566958889 1
1.27038187913205 1
0.834818927335782 1
1.45322850501627 1
0.887666360626845 1
0.878336701533533 1
0.886951516010457 1
0.961220648946638 1
0.895406411971134 1
0.939468711489692 1
1.20442114081412 1
1.03440298254103 1
1.31376718670003 1
0.982584249083547 1
0.864659597699288 1
0.905888611660166 1
1.23673105616193 0
1.53783556797104 1
1.65588276991883 1
1.22446604018613 1
0.84102976488869 0
1.01090014043373 0
1.0531617561085 1
1.08798162744885 1
1.20032695036711 1
0.886593345535688 1
0.808590608605676 0
0.853982823989349 1
1.46574740641359 0
0.891996830246637 1
0.781187622479712 1
0.919713897388628 1
