0.737471313087321 1
1.14465653514419 1
1.32390117323355 1
0.885328706083686 1
0.869701025740058 1
0.85898170021034 1
0.983049803169325 1
1.2065998614084401 0
0.747171649260535 0
1.28268447108703 1
0.72024279078464 1
1.69145873916601 1
1.17517195691912 0
1.29691420491193 1
1.08734174594713 1
1.20669133704334 1
1.99221945959993 1
0.829862830418899 1
0.799917052962559 1
1.09226032736148 1
0.775131187764345 1
0.687284574729226 1
1.21152035198016 1
0.747767420458844 1
1.08065773533187 1
2.65263236985243 1
2.04426418371341 1
1.43547155519311 1
0.887070633899049 1
0.895655632232346 1
0.931293747031625 1
0.876007447016411 1
1.21550427453736 1
0.835560427864013 1
1.5948927147389 1
0.629051752586174 1
0.745691821922062 1
1.20003561541056 1
1.57682232434997 1
2.2303205904885 1
0.851604240844195 1
0.7950648285948 1
1.1515334240094 1
1.64819301977346 1
1.14261367848428 0
0.797721136340826 1
1.10168612381044 1
1.30020762434062 1
0.957218514270538 1
0.785254593328566 1
