0.850867871733788 1
0.806504190178702 1
1.0057374694517 1
0.737006583034394 1
0.825527502048952 1
0.734141480327623 1
1.27026038100631 1
0.949633656333967 0
0.837525913940612 1
0.720669185812817 1
0.851409213926994 0
0.616328425380594 1
1.33173980387897 1
0.614956229988508 1
0.871026001397354 1
2.58638199811107 1
0.607904355933 0
0.984066472389235 0
0.620269328234106 1
1.82985055177709 1
0.614619197080403 1
0.656310089763232 1
0.767723194892386 0
1.0063945507564 1
0.914389419795054 1
1.04997697267694 1
1.19576376516587 0
0.68746415244523 0
0.866988828209933 1
1.04215351054155 1
1.2054013287346 0
0.762248666576675 1
0.934288372799177 1
1.00029556113479 1
0.729908797458424 1
1.13587539447597 0
1.16044941376094 1
0.75360935647013 1
0.654303687590553 1
1.26543101883796 1
0.747661841513364 1
0.83020271339368 0
1.41930273261609 1
0.825373258382173 1
0.922264653698058 0
0.936279540575724 1
0.681256733374109 1
0.821998373075003 1
1.57256889151422 1
0.938111494337952 0
