1.37573003487396 1
0.652800974616043 1
0.796675442977732 1
0.910321134337945 0
0.654122905210087 1
0.707358666363326 1
1.11371878801283 1
0.712839573673089 1
0.723927020160912 1
0.619449088717823 1
1.02023355569377 1
0.649322952525155 1
0.8926008318436 1
0.760948517097878 1
0.665998221194843 1
0.885317986012595 1
0.976574784221522 1
0.816402163963467 1
0.63104693653495 1
1.14854283709947 1
0.799148301050148 1
0.745182815932435 1
0.643012362418567 1
0.776186871639441 1
0.932282107971349 1
0.634267798342849 1
1.24901298923242 1
0.862658653499887 1
1.05602506879632 0
0.732021407705382 0
1.01222007849211 0
0.683341047929059 0
0.618013011181618 1
0.638515716404038 1
0.697031678149677 1
0.993623303967741 1
0.621295683685982 1
0.731451494054498 1
2.05165914593202 1
1.37553111781978 1
0.875840857552362 1
0.604274405207804 1
0.970000576652225 1
1.14740181002881 1
0.913294088222896 1
0.694558464034233 1
1.15982310330171 1
0.628754863787623 1
0.681156543553792 1
1.67843514023023 1
