0.711807786039884 1
1.17131896417158 1
0.729112989788115 1
0.839985702715384 0
0.852941015760065 1
0.621372276501177 1
0.839112968445544 1
0.720953534728509 0
0.891421349134605 1
0.74726983175598 0
0.93198688893363 1
0.679462367710711 1
0.895452532183153 1
1.14471100001132 1
0.626839264187771 1
0.739195818441898 1
0.745515124408062 1
1.63212696642851 0
2.02193138615059 1
1.41776452929501 0
0.866169458718351 1
0.536455851424259 1
1.56014148529129 1
1.14783104467967 1
0.506755855453343 1
0.890470896878786 0
1.38350038446357 1
0.765506143799754 1
1.43087071150898 1
0.704686623941224 0
0.674392336482961 0
1.05177185142807 0
0.644703567722063 1
0.566613442649869 1
1.01330099405533 0
0.742717677722365 1
1.33245822507781 0
0.572261052486049 0
1.0527612201484 1
0.952576290575439 1
0.509205906654635 0
0.727437993242442 0
0.726596097674194 1
0.817816733835584 0
0.629790544468497 1
0.697471229253316 1
1.0283162522028 1
1.00300575131993 1
1.12846800481208 0
1.08591849182469 1
