1.18771394031314 1
1.25992869948079 1
1.11711145842069 1
0.868486373033683 1
0.762437662715924 1
0.560800552395507 1
0.77361467713853 1
1.09146125885637 1
0.522410492534644 1
0.520649055385412 1
1.1712016423026 0
0.697831345569944 1
0.519500643374 1
0.67986594948687 0
1.08479286592806 1
0.952690881973442 1
0.634855793624449 1
0.46119138093502 1
0.534545049221153 1
0.545426080299564 1
0.891808702415587 1
0.646473123941922 0
0.843744183819716 0
0.508558252730507 1
0.679546641062868 0
0.510869835367536 0
1.07257713651073 0
0.675855052538462 1
0.983328811815295 1
0.814801268380964 0
1.55096395350276 1
1.1299883830898 1
0.43585902491647 0
0.551903914464667 1
0.860798690654449 1
0.541267385562746 1
0.640704463255526 1
0.64988394499873 1
0.940616249630364 1
0.796084030798046 1
0.579797617377619 0
0.651719517590859 1
0.565427578773062 0
0.463741136135283 1
0.51344907090508 1
0.787751296054535 1
1.09866795744559 1
1.17738034233578 1
1.06318414255711 1
1.49907718035007 0
