0.682094574405323 1
0.829666875790453 0
0.792212231950597 1
1.34746808054387 1
0.876866414545857 1
0.735658083355124 0
1.11519060629461 1
0.60698457074411 0
0.800169949939689 1
0.695693798505928 1
0.704840710168661 0
0.931632377905353 1
0.933040425247886 1
0.904804035248096 1
0.863047058302638 1
0.890048505854169 0
0.634461749170512 1
0.700553834562355 1
0.765920666408523 1
0.820119095170022 0
1.01419945452557 1
0.674888319616011 1
0.882895580270715 1
0.622635065705737 0
0.592060880777073 0
0.875202156074011 1
0.573619796241389 1
1.40080515590423 1
0.658795417950706 1
1.5359180799587 1
0.967419844153252 1
0.638045498614443 1
0.65538762978568 1
0.649344083698552 1
0.822145519773727 0
1.51930141119857 1
0.803573279830005 0
1.2104903113634 1
0.998945453374699 0
0.571564453155533 1
0.760539461341739 0
0.680058834036825 1
0.802348205436515 1
0.945014569104009 1
0.595345882566373 1
0.679958452377681 0
1.33010161308215 1
1.12767657563601 0
0.964739736033303 1
1.15672282324584 1
