0.617384560416699 1
0.588986538987572 1
0.811033772225949 1
0.894142888516813 1
0.757499433347728 1
0.794915786794629 1
0.805784387547497 0
0.740637699468214 1
2.02016145780651 1
0.687426444557556 1
0.638143572394887 0
1.12437769846742 1
1.71641918584608 0
1.15719577271727 0
1.74136750484331 1
0.904357872740279 1
1.16798152523979 1
1.84956232352151 1
0.861031931404195 1
0.667299195630574 1
1.01032028607974 0
0.885326698743375 1
1.01531002404795 1
1.63007528933858 1
0.790027459580232 1
0.848648074267549 1
1.00534609649494 1
2.49589238694344 1
0.895491080654576 1
0.846789094621514 0
0.693921107868109 1
0.611507460054675 1
0.602655011984007 1
0.830326986611157 1
1.63745953246563 1
1.18273812093876 1
0.725659243460778 1
0.90916568187951 0
0.781649637438236 1
0.693343141927866 1
0.64658659575232 1
0.590139488841779 0
0.758546681563956 1
0.819923638574341 1
0.958976617259787 0
0.969444276316062 1
1.48074868282918 1
1.06877513403861 1
0.751811250471847 1
1.3598816520622 1
