0.49433900416068 1
0.767539500222466 0
1.78248792094171 1
0.853199908453853 1
0.677444195257793 1
0.589537462941793 1
0.833161779730897 1
0.804937633316768 1
0.541831176463601 1
0.927738224660753 0
0.45543901261505 0
0.898729507705309 1
0.52409630228548 1
0.575623237388188 1
1.60162538086031 1
0.611893035906891 0
0.589039445632218 0
1.68726526403418 1
0.527100874062713 1
0.745905545217414 1
0.816384926032536 0
0.592784589290585 1
1.39229452122979 1
0.986981341704543 0
0.741470391578013 0
0.528561129066747 1
0.688041533017452 1
1.36870048078186 1
1.44681966899528 1
0.72041819712231 1
0.866683879789985 1
0.442251465436017 1
1.03393296294173 1
1.08496758316796 1
0.83376536952032 0
0.739725401266603 1
0.634260153949578 1
0.655218119882289 1
0.732097648400815 1
0.494338486917752 0
0.4674785072409 1
1.22925384729055 1
1.8329591967057 1
0.640888708061829 1
0.478865380440975 0
0.827141735274523 1
0.664082902833869 1
1.68535192673402 1
0.733724649047239 1
0.440382924237937 1
