0.939064362693202 0
1.52111180176088 1
1.34574396427053 1
0.977624802872537 1
0.950225365794821 1
0.790675824124866 0
1.11763086801386 1
1.02325926527395 0
0.742538182178707 1
2.34269003358783 0
1.19976524155942 1
0.820876255346622 0
1.31377022758334 1
0.883312501070736 0
1.58577050667428 1
0.973281474327641 1
1.21100889195339 0
1.11672917862594 1
0.966923920068443 1
0.789778716068668 1
1.34758265433054 1
0.909277780453522 1
1.0433671547639 1
0.758257030467089 1
0.748253874320596 1
0.795829949376011 1
1.10652215158184 1
0.981879518786398 0
0.866856367176683 1
0.82147013713775 0
1.03113865932631 1
0.706210974964704 0
0.985246523579989 1
0.90860172606255 1
0.997980400090723 0
0.866442106189029 0
1.23190075463819 1
0.877163280859885 0
0.768560118945693 1
1.34331404803085 1
0.785985606235704 1
1.49277467581371 0
1.59266375967635 1
0.764972925212857 1
0.882652024598426 1
1.33744248369609 0
0.976746416467039 1
1.14589067272469 1
1.37114593831776 1
0.919686478939673 1
