0.945749511419535 1
0.751979292640843 1
0.734821058510198 1
1.28211535193397 0
1.65888775897539 1
1.15938657862287 1
1.08100706546576 1
0.991228016584623 1
0.648236745784085 0
1.99788125536014 1
2.61047954994783 1
1.60158564224836 0
1.67442335759103 0
1.05165284442473 1
1.57085140053323 1
0.677295159741502 1
1.07125314855728 0
1.23672347924271 1
0.891190178108564 0
1.1083381291023 1
1.28337149911012 0
1.65126015091459 1
1.82099879105135 1
0.728838415470594 1
0.798568468935649 1
0.752732696291786 1
0.626831350041065 1
0.723503515910728 1
0.921237991186522 1
1.14157954409245 1
1.32970116811868 1
0.809719422609422 1
1.17083152440781 1
0.906026563037354 1
0.666321041000592 0
1.32290195822494 1
0.840587238586493 0
1.48992001947156 1
0.729830523832864 1
1.02304665974128 1
1.31070806373359 1
0.683643608890681 1
0.792909195078483 1
1.23234385065973 1
1.28979205351107 0
0.611651230413365 1
0.867128600344045 1
0.935336088612823 1
0.623683646172799 1
0.82657557252866 1
