0.905066051486391 1
0.817001520717489 1
0.686031536832464 1
1.1305626901067 1
0.662261816184215 1
0.725623030924683 1
0.593494888031678 0
1.57821384611822 1
0.785095481284471 0
0.587958478283253 1
0.801184934785681 0
2.23048913448161 1
0.611418579285941 0
0.794602943730841 1
1.27710741578476 1
0.615900342208231 1
0.97711650915543 0
0.709472662560377 1
0.812088316247675 1
0.620941629617733 0
0.683139396060421 0
1.72280926287193 1
0.750240446978649 1
0.613072021041013 0
0.96172453859308 1
1.04244634353609 1
0.763368068191895 0
0.61952082811639 1
0.742651494055885 1
1.06676890938615 1
0.793546015483735 1
0.765959072979859 1
0.717847371488673 1
1.09867921821016 1
1.00681750644672 0
0.693733357510837 1
0.827617742574947 1
0.98949149395971 1
0.919019903424824 1
1.08830466652306 1
0.686647304246785 1
0.861168551496675 0
0.644720221041423 1
0.873686779592155 1
0.900274510995963 1
1.06954405902243 1
0.68042892539898 1
1.04662762455276 1
0.663324707001724 0
0.864670382988086 0
