0.734677945635063 1
1.25081530635494 1
0.67481784863738 1
0.779351879232809 1
1.01642386956994 0
1.24200025100869 1
1.06802611965948 1
0.630262353628351 1
0.625021921099729 1
1.38380149775243 1
1.22940679640856 1
0.976587539787355 1
1.69710041746588 1
1.3505006513829 0
1.35703959832609 1
0.647670093485308 1
0.88997765064785 0
1.48892698141263 1
0.850765766371313 1
0.740867511405781 0
0.664086673363625 0
2.20080332151592 1
0.734415965215075 1
0.660457948121917 1
1.23625195655775 1
1.32898693706708 1
0.643524313406517 1
0.691564082855298 1
1.04289532551327 1
0.773153606995507 1
0.994055977641265 1
0.723093536552712 1
0.684759641872761 1
1.31422772030364 1
0.880834054463302 0
0.991914585327354 1
0.700603735282635 1
0.763671118572292 1
0.977586135979946 1
0.989037953489702 1
1.41859051779111 1
1.29098547103855 1
1.29521441487439 1
0.706545423404192 1
1.18682543070798 1
1.26376403825454 1
0.638939287627863 1
1.40152959270647 1
0.626960012227661 1
0.69908693880774 1
