0.662314970051359 1
0.814780591347303 1
1.391636326155 1
0.902298680342545 1
0.871990112114869 0
0.578759329548583 1
0.736716944643921 1
0.652430911358317 1
0.71760661001991 1
0.769012301549184 1
0.984471045572149 1
1.48598436746018 1
0.723367408261432 0
0.895142121033733 1
0.687713421329855 1
1.11728261282513 1
0.774270167157174 1
0.88258963899851 1
0.682984970317659 1
0.555994824731527 1
1.15384770081567 1
0.836836712989971 1
0.588974620042854 0
1.04961048922638 1
0.938052016938111 0
0.623064496735235 1
1.20846166865991 0
0.828851711897175 1
0.509497010960959 0
0.679553682696842 1
0.621136221160762 1
2.32803418432481 1
0.792820958904252 0
0.760826997165541 1
1.0180173355306 1
0.750904978289147 1
0.658990805462329 1
0.601881526172413 1
0.636149144642518 1
0.623574780116273 1
0.617089733782596 1
0.981913437741138 1
0.943358784577533 1
0.849069659974044 1
1.15121656771557 1
0.731606670515897 1
0.717642307109552 1
0.532859546071022 1
1.13288936896411 1
0.683579012620754 1
