1.14816519057603 1
0.657203209419388 1
0.842510057142612 1
0.660509604902147 1
0.744239169535449 1
0.826983837727361 1
0.747452572256046 1
0.870320661838215 1
1.07913395533548 1
1.22572056232355 1
0.899509583538105 0
0.927349715144806 1
0.702000893983833 1
0.692570823841752 1
0.922749737390204 1
0.691037865034365 1
1.28434320037689 0
0.655248605230368 0
0.655031250315361 1
0.894557121482596 1
0.602155194904572 1
0.703203686968115 1
0.880741716133351 1
1.12069250830722 1
1.26991220442906 1
1.09262227716821 1
0.758946617248789 1
0.65966289024467 1
0.712537859922757 1
0.66196695952752 1
1.04532531924074 1
1.23767663923618 1
0.82782214314914 1
1.16085572536667 0
0.710482827999794 1
0.929202769095317 1
0.898354310696281 1
0.593771472239676 1
0.683741191908386 1
1.53029670314742 1
1.46599580415389 1
0.71559729803302 1
1.14763664362552 1
0.665028392208325 1
0.672127087337828 1
0.659578245656138 1
1.45761890277657 1
1.33246963520789 1
0.809261176059836 1
0.62470920091075 1
