1.74090858942933 0
0.887078278418971 1
0.884218919540398 0
0.693361873953043 1
1.56197928510064 0
0.954218070679141 0
3.25912209376226 0
1.09813080650142 1
1.96681692371793 1
2.54903812063047 1
1.34374131785178 0
1.25530648001267 1
0.66902626023853 1
1.47875075135983 0
1.03034350849798 1
1.90743754938867 1
1.91532805109191 1
0.848269643713789 0
1.5027726638285 1
0.946616129507104 1
1.76975025144166 1
1.46570843697669 0
1.08423453923364 0
0.791724090324833 1
1.18535178209461 1
1.46356912294074 1
0.971997138624444 1
1.37051624392309 1
1.64364777570557 1
1.35581043389496 0
0.789575433336735 1
0.912794495079484 0
0.892513896556946 0
1.79734993122183 1
0.883489783293165 0
0.654108908649953 1
1.93652748946395 1
1.23916354169651 0
1.04339369838587 1
3.16775822733655 1
0.987136565026731 1
1.26617544208616 0
1.03924731327219 1
0.834649538897169 0
0.929735524741837 1
0.72098428077003 1
0.779289395074973 1
0.703924207254385 1
0.903337009585384 0
1.13757106069962 1
