1.00626822007604 0
0.629272017216581 0
0.841369891372096 1
0.987762456153926 1
0.566856359505788 0
0.732746013290097 1
0.588450538320315 1
0.669307048202635 1
1.0983675573438 1
0.706807345512817 1
0.690559899574917 1
0.827074547090566 1
1.79198899185052 1
0.841355616313131 1
0.927205854940211 1
0.640432680150317 1
0.941081034248323 1
0.585652184217575 1
0.594058009466006 0
0.71855002796988 1
1.09267230062901 1
1.60357937228161 1
0.932265497767661 1
0.719641920702348 1
0.616379382954069 1
0.910577272603963 1
0.566407303492532 0
0.726017140979134 1
0.652058743684994 1
0.693367367016407 1
0.788511821534203 1
0.60945787643843 1
0.85925871360244 1
0.602520259053444 1
0.867716016306558 1
0.635180885164422 0
0.73523124317814 1
0.674121888501995 1
0.676623470777555 1
1.39821658743909 1
0.685571939616814 1
0.924212040431062 1
0.552911997903512 0
0.92282412634433 1
0.793888740484389 1
1.54028970148636 1
0.589997176933662 1
0.641853344980842 1
0.881833344511954 0
0.678590993921063 1
