1.11888277190455 1
0.548598085631886 1
0.543153820711656 1
0.620360479901067 1
0.435986438147547 1
1.28417029290789 1
0.614078736466063 0
0.935573930613641 1
0.734783573269937 1
0.441328467139544 1
0.64418939969428 1
0.440402290044804 0
0.723472849485442 1
1.00789490207646 0
1.62694620594561 1
1.28675694960911 1
1.10943824966953 1
0.677358769569056 0
0.762403423731141 1
0.466239579537963 0
0.52763011101011 1
1.010257947243 1
0.575986537020076 1
0.958678545816671 1
0.82664708248241 1
0.739181991317292 1
0.719700276243656 1
0.854958299383374 1
0.507693540333091 1
0.554595221032103 0
0.470429121082096 0
0.690306828260907 1
1.25271027416338 0
0.850955648714824 1
1.16366982663798 1
0.648046446985861 1
0.820903013298355 1
0.460654790182839 1
1.2676653815464 0
0.729999369035006 1
0.424569650797231 1
0.65805234597825 1
0.487548978408156 1
0.645921848679373 0
0.878639783446308 1
0.600116844773363 1
0.964310057875518 0
0.461765305195621 1
0.840958796047087 1
0.702601411104819 1
