1.24158193207091 0
1.17200142036406 1
1.03550123050461 0
0.665467242974631 1
0.845926237011986 0
1.91152221197973 1
1.17921732493355 1
0.834000274534564 1
0.920795411427058 0
0.761142648963627 1
0.704534892768619 1
0.770014105559726 1
1.53566812745305 0
0.842527885880727 0
0.880397022359793 0
1.3763825149282 0
2.38592169293078 1
1.4300178470667 1
0.854478695757777 0
0.695253558672865 1
1.43231462399446 0
1.67179729424483 1
0.725062929563578 1
0.667031094200882 1
0.729919756653762 1
0.940717849539436 1
0.898419009889772 1
1.35135305444501 1
0.734190904012858 1
0.757336914462147 1
0.693863752286927 1
0.774566067439292 0
1.32795288724287 1
0.872823774571183 1
0.62053988366879 0
0.866529704785548 1
0.638655364752897 0
1.3870908927948 1
0.63493885704629 1
0.777359341892429 0
0.863163815113643 0
1.25774258009103 1
1.21393039456181 1
0.948047544914599 1
0.671748879248232 0
1.81617030658715 1
0.74437880408243 1
0.843651912625218 1
0.731009205880684 1
0.699711160781267 0
