0.347830658499896 1
0.40878491540826 0
0.829161260247974 1
0.835103284615422 1
0.314630669600735 1
0.223946162958496 1
0.70545464566527 1
0.332789317574584 1
0.70737115183068 1
0.44112591447436 1
0.323465921438566 1
0.289412277537199 1
0.832025021501377 0
0.339139260898333 1
0.450996475162949 1
0.431926563177941 1
1.03002615466154 0
0.807125195362218 1
0.734269361174996 1
0.717737254540107 1
0.511018376508546 0
0.367869791604538 1
1.16576320461635 1
0.830798567538189 1
1.63795681809364 1
1.598625440304 1
0.974106675889639 1
0.724260671697314 1
0.42828815556967 1
0.258839597133648 1
1.89468887978568 1
0.794917115720468 1
0.490938072802707 1
1.01652688948754 1
0.761201547355653 1
0.565232594058921 1
0.296273276024193 1
0.437852848654634 1
0.528162959686283 0
0.843515670039493 1
0.385777564023909 0
0.730463687778459 1
0.31287222233498 1
1.08457458203608 1
0.803819287421695 1
1.21100805703053 1
0.759950764053834 1
0.465199379412763 1
0.619470101699461 1
0.394587039835255 1
