0.813474162249331 1
0.662414260216953 1
0.693294745109269 1
0.576463705266536 1
1.41620775594553 1
0.575146957861191 1
0.781524825730384 1
0.680303145768328 1
0.784408766945867 1
1.10453203499782 1
1.2465560825779 1
0.760688021948323 1
0.616914479953485 1
1.3460067841148 1
0.775932934100871 1
0.871827255397272 1
0.669277827532388 1
0.887316143820891 1
0.72579416134127706 1
0.938918316252168 1
0.634975089355865 1
0.629184331908743 1
0.597983693187204 1
1.19254903180813 1
0.724793653197589 1
0.999342654806638 1
0.727289606528109 1
0.699477358938443 1
1.03478210314869 1
0.599433576710307 0
0.588444042336239 1
1.39770817144347 1
0.572075857830843 1
0.560223048567696 1
0.759736937684529 1
1.30256715172419 1
0.750989611361067 1
1.04749812218471 1
0.734707324599135 1
0.901117498510086 0
0.922148438670903 1
0.925048057497186 1
0.60730466344777 1
0.88286749267612 1
0.91538672347438 1
0.977948727682185 1
0.998583322185281 0
0.765364930874172 1
0.776804888300607 0
0.681086886836233 1
