1.0843611789753 1
0.618950092197426 0
0.909510069270917 0
1.24840789228755 0
0.603282119895991 1
1.17464364786904 0
0.572069398666997 0
0.662184817398634 1
0.915515913732685 1
0.747248801413416 1
0.791323439982939 1
0.623525328014042 1
0.987142023619231 0
1.2939974333944 1
0.767995409273278 1
0.578015534555556 1
0.743226483414794 0
0.594174505731504 1
0.60293407346276 1
0.828751358949771 1
0.607871511008461 1
0.799252014507391 1
1.18989971145632 0
0.716848101421779 1
0.64448432640296 0
0.679994270679075 1
0.75212587823734 0
0.935449409110024 0
0.923447951328543 1
0.700643691642596 1
1.03207235232432 0
0.726597054980209 0
0.689283194963471 1
0.73489047994157 0
0.827993153711403 1
1.05390160516033 0
0.728074201779845 0
0.634535969572649 1
1.1802143875913 0
0.619399965809903 1
0.843726238930977 1
0.704188599917922 1
0.996311552576878 1
0.669742287639953 1
1.38813965529041 0
0.786124891955684 0
0.71946183987824 1
0.62755945342601 1
0.740045055079569 1
0.945514431797885 1
