1.27393317728564 1
0.814658347786075 1
0.734132355444797 1
1.02119289872562 1
0.75720770070991 1
0.551469255646514 0
0.647250131490224 1
0.761330190170908 1
0.584661608781794 0
0.779935571579898 1
0.778505918270377 1
0.930392275206207 1
0.756121003804224 0
0.997757604492139 1
0.847668033995132 1
1.66764799132397 1
0.67133506645511 1
1.00588815009661 0
0.708896775562937 1
0.546163815962307 1
1.42754035906932 1
0.64171410357106 1
0.908373050389386 1
0.945607915344688 1
1.48762122852976 0
0.590492055372416 1
1.05167996963962 0
0.596188918050907 0
0.535745456614202 1
0.846365112823633 0
0.961352115929987 1
0.644953689148503 1
1.00832006121595 1
0.74052471607044 0
0.90208004608856 1
0.800061980527897 1
0.575785092029895 1
1.64538054522638 1
0.659054000619115 1
0.673155977727348 1
1.88393185302478 0
0.633779271688631 1
0.788355437158831 1
0.961287523198016 0
0.729008684084986 0
1.66959371529946 1
0.803004746348706 1
0.71655739939055 1
0.798060433621103 1
0.76114369370466906 1
