0.887244576141292 1
0.614763783333586 1
0.577966568220026 1
0.625282201011005 1
0.648759379441961 0
0.605310519127218 1
0.680875348524895 1
0.686053046743548 1
0.66070908164724 1
0.870571305004474 1
1.32690753332135 1
0.849154994708673 0
0.784091298718432 1
0.548200297270979 1
0.797347213618345 1
0.823702417672091 1
1.17100173143043 1
0.853810135909696 1
0.884810609434094 1
0.640278359693677 1
0.595049074589647 1
0.647284044199935 1
0.818078510047654 1
0.740664452524711 1
1.04193491599464 1
0.665422597765047 1
0.618078748328646 1
1.02526079017383 1
0.834784165053444 1
0.639690657978056 1
0.896330230834972 1
0.536629074439479 1
0.669836513155007 1
0.627932395982308 1
0.96653001429006 1
2.71758490254113 1
0.54389407935123 1
1.15068966723277 1
0.690060091928502 1
0.911360260926501 1
0.836263654537506 1
0.678714893992704 0
0.884543163265407 0
1.04171626085123 1
0.62744250972573 1
0.889137068768245 1
0.983795956932067 1
0.669351215698534 1
0.741632667834121 1
1.25929371475102 1
