1.53953274210155 1
1.09458001879587 1
1.00559253833692 1
0.879078895025796 0
1.34250018778662 1
1.24139642148152 1
0.959435977791003 0
0.790353202908965 1
2.1962750836557 1
0.746608194106301 1
0.965012991604949 1
1.6287805740636 0
0.741805813332439 1
0.897566198325079 1
0.854150771264699 0
0.967584838166058 0
0.77668124822273 1
0.762480378361655 1
1.17585182376652 1
1.152066848287 0
1.22026533745813 1
0.858948027836109 1
1.65549028218426 0
0.801605484600378 0
0.682504333451452 1
1.27733262507274 1
0.71378848744454 1
1.50578561311081 1
1.17142076670636 1
0.837911741206985 1
1.01760701550538 1
0.922328754179605 1
1.27892400085109 1
1.61374177200603 1
1.58998579324937 1
1.22533815083059 1
1.74203850915526 1
1.46544178542451 1
2.24698885824229 1
1.25548369355853 1
1.06107975162685 1
0.901822330314643 1
1.78006182159893 1
1.34746819973163 1
0.918235660933061 1
1.19313785967352 1
0.766239107587955 0
0.720797374493666 0
2.07594280039962 1
0.671040946776051 1
