0.649676856092985 1
1.10371842073179 1
0.737178409358287 1
1.08429372854288 1
1.12554014846474 1
0.989578294373453 0
0.829134852494522 1
1.68829146328302 1
0.830831466688711 1
0.695495408052367 1
0.757794827387738 1
1.25602812674087 1
0.733556949952154 1
1.53559881701735 1
0.895665361767529 1
0.67390841788038 1
1.33337315232735 1
1.11395123774016 1
1.10338434051249 1
2.26356572127828 0
0.722508511309425 0
1.18698197916132 1
1.4414709363256 1
0.662023182530037 0
0.987409800552713 1
0.923747961639907 1
0.626961493143445 1
1.17566872210963 1
0.619132139188433 1
0.699753691490193 0
0.700611215195414 1
0.738225075251721 1
1.10723043298258 1
0.801022812466942 1
0.959180326117839 1
0.708321837323398 0
0.916604312001163 1
0.893728775731986 1
1.33143635853062 1
1.25315655433315 1
0.616029004554113 1
1.23868326856601 0
0.645282774112324 1
1.21090501839147 1
0.786490026605162 0
0.711381859213372 1
0.761130790116932 1
1.22207867918488 1
0.837452260925729 1
1.14140470840561 1
