0.798625180218913 1
1.318611363696 1
0.978675963727472 1
1.22092217393472 0
0.544767485091535 1
0.711261789234409 1
1.59280360107035 1
0.501254832922539 0
0.737015597761566 1
1.53824503490467 1
1.30819699907958 1
0.98510980302987 1
0.627072946209755 1
0.583908606577277 1
0.862434075697829 0
0.53938548961824 1
1.27305353422197 1
0.544978036942864 0
1.08442736475121 1
0.76819178161536406 1
0.875432127135493 1
0.967135351848676 1
1.14459576027704 0
0.654482685662577 0
0.721662503786979 1
0.984941998217908 1
0.559211309517056 1
2.22027009538386 0
0.896103271667715 1
0.826808735908187 1
1.0595040847683 1
1.35549237847752 1
0.994773340078862 1
0.538384559636516 1
0.571414428985965 1
2.03163385369623 1
0.714644196075671 1
1.48462819298456 0
0.943373707430158 1
0.730456102322579 1
2.08217092502472 0
1.81390418074077 1
0.639057626139889 1
0.573281191259913 1
1.94117259675003 1
2.12202890449797 1
0.594294072861655 1
2.00164433635198 1
0.931053383335872 1
1.74315644337603 1
