1.38841957911655 0
0.881245539085662 1
1.0834482890352 1
1.46619578335142 1
0.784440154447236 1
1.15254342551781 1
0.734249978076523 1
0.911420005536443 1
1.01848310829152 1
0.779620605403239 1
0.851413113418784 1
0.740884649811606 1
0.738510246254504 1
0.716210016440006 0
0.781309523069751 1
1.14501983041983 0
1.07173795116895 0
0.745894800051582 1
0.957524275772838 1
0.827540107344986 1
1.80045266705298 1
0.943471713949503 1
0.736629298629406 1
1.62265732917577 1
0.753096833587371 1
0.943279099374578 1
0.881928097752057 1
0.849970119397753 0
0.914493044466419 1
1.22072678399256 1
1.42512712758593 0
0.823197409166767 1
0.703270195709174 1
1.02266464694109 1
0.847207273372644 1
0.979228644278113 1
0.821489268757677 1
0.82997808817401 1
0.950320200840383 0
1.20753301818322 1
1.00231643448549 1
0.995722984864322 1
0.879626263182174 0
1.41588601524114 1
0.702465715954492 1
0.946135279282575 1
0.700324315973886 1
0.976108408425803 1
0.759186579316689 1
0.945363358656335 0
