0.867145564120037 1
0.787386164421939 1
0.686973322872987 1
0.83058561151556 0
0.952118366923952 0
0.732850010286479 1
1.234631128658 1
1.26246682300662 1
0.68333782958231 1
0.934582797017743 1
0.686251682606489 1
0.903819704123125 1
1.34772835269058 0
0.745700638868595 1
1.46991146789415 1
1.64644826314255 1
0.833444726453373 1
1.71738374719123 1
0.659976239984181 1
0.6334638235395 1
0.809759860270597 0
0.677399517498986 0
0.787913851422512 1
0.796834697972598 0
1.69297354298926 0
0.739838992351864 1
1.99282207688173 1
1.60208551611807 1
1.04236535380261 1
1.02371991015299 1
0.56437485886868 1
0.601540800656656 0
0.708693060316707 1
0.615785116388313 0
0.839058155362286 0
0.73613084789159 1
0.835011425888337 1
0.887524963766329 1
0.620669118628377 1
1.25967755639541 1
0.833483815749376 1
1.91778299345044 1
1.82483843730983 1
2.00722939754602 1
1.11440763117086 1
0.562889393409076 1
1.65512464557153 0
0.630734250091515 1
0.581561991411006 1
0.806607281604259 1
