0.795690919151686 1
0.765829017849425 1
0.736072649221096 1
0.638632564625805 0
0.761906654704865 1
0.830070753431712 1
1.3962385724451 0
1.35906897204532 1
0.695115834004566 1
0.89476767006972 1
0.97130099350425 1
0.663123678511043 1
1.55063035746837 1
0.775433272220379 1
0.85151428352267 1
0.643126377431135 0
0.611930073107293 0
0.610982723138229 1
1.05485200305788 1
0.730931176818306 1
0.669189340203642 1
0.664357212841189 1
0.77819814585179 1
1.04032926899434 0
1.15568171864621 1
0.654244228159034 1
0.906220734097986 1
0.802160875277833 0
1.13175888652764 1
1.09910086812238 0
0.679895999932986 1
0.664045063957503 1
1.60901624569927 1
0.680855473272332 0
0.711301329064487 1
0.971285648464065 1
0.684341204482768 1
0.711554787531551 1
0.610841506329847 0
0.637204529072796 1
0.618715311165186 1
0.957943251751036 0
0.627828921541205 1
0.75975855697101 0
0.810430961275144 1
0.616473291078896 1
0.672090487847848 1
0.79531693751066 0
1.09507873127047 1
0.691106611983364 1
