0.899785986172489 1
0.603397885700146 1
0.534520498985002 1
0.555905984124097 1
0.719772321477681 1
0.501834662144692 1
0.491343837657881 1
0.633589911378862 1
0.786677503360164 1
0.89899268173161 1
1.13497041005745 1
0.497169675963477 1
0.516773177067102 0
0.576705275848948 1
0.573515825738452 0
0.501903249971403 0
0.70027886208311 1
0.618136916543698 1
1.1326797141394 1
0.833824605860895 1
0.526281642438866 1
0.562698852934297 1
0.641715740024695 1
0.530776009335421 1
0.68472024845439 1
0.501194714004707 0
0.525277472641666 1
0.589319892256894 1
0.609791470927855 0
0.553662624568484 1
0.626903585033693 1
0.685553339556762 1
0.607319873285711 1
0.767000818859991 1
0.496152719128714 1
0.577552722778036 1
0.542974094094735 1
0.555929711440447 1
0.533721123996345 1
0.680239688833494 1
0.582439461628097 1
0.517684192345099 1
0.542284726684502 1
0.6809455842005 1
0.742309512692778 1
0.555745266243532 1
0.671064521748759 0
0.560025380264315 1
0.647801346584313 0
0.554557918711479 1
