0.590601742293711 1
0.732183509280494 1
0.499830873355901 1
0.571604828930759 0
0.803852242175023 1
0.679284937423369 1
0.824889634362603 1
0.654573618911347 1
0.464497197745159 1
0.715161256206166 1
1.02803235630868 1
0.679200896378872 1
0.648996167219572 0
0.447801637419536 1
0.745267137675723 1
0.485106097180529 1
0.706212011203833 1
0.578449717066387 1
0.612388580333971 1
1.78563073871997 1
0.498314493139032 1
0.572665203645552 1
0.500951897482809 1
0.621454211215092 1
0.608936666301968 1
0.52434499983211 1
0.599693745694094 1
0.896045152201147 1
0.697723261843747 1
0.921859039271254 1
0.790093368047325 1
0.641709997483348 1
0.661804728224096 1
0.702893135479909 1
0.642548350882729 1
0.637693640731805 1
0.595871307769149 1
0.734025234998426 0
0.729808141959317 1
0.458403876279008 1
1.01634839533527 1
0.562628678869686 1
0.722931829796222 1
0.794586249598592 1
0.822689444158959 1
0.449813091056281 1
0.808686048825358 1
0.704170232207989 1
0.858544490177618 1
0.679249607492383 1
