0.602153236491273 0
0.991864854742217 1
0.636323893482854 1
0.814546962541904 1
0.664521695673358 0
0.736626827642399 0
0.742147932234813 1
1.22773603910191 0
0.63803062223424 1
0.737528376926989 0
1.02490895843126 0
0.772855214641756 0
0.507343646643002 1
0.61002400989067 1
0.724089025147451 1
0.834784873317055 1
0.674720578945136 1
0.652567338716231 1
0.558867305086128 1
0.807845501066709 1
0.759419065843407 0
0.662294990319273 0
0.923147003700968 1
0.93607004661008 1
0.654474063910454 1
0.86323597550246 1
0.744257982927831 0
1.25531570266805 0
1.5997638404579 1
0.53703209317757 0
0.541542110971005 1
0.539729522367138 1
0.663834609969533 1
0.767581778950934 0
0.556662631505197 1
0.602510434082637 1
0.806239502802854 1
0.611106706185141 1
0.604341969566989 0
0.552091415038864 1
0.589513519675514 0
0.562124251649557 1
0.592034503431497 1
1.60566241011267 1
1.07869343412264 1
1.07129206258478 1
0.761003108316891 1
0.766946043464421 0
0.719292633110464 1
0.552429241304846 1
