0.811859876334145 0
1.02213533131642 1
1.22170210314291 1
0.680961754891086 1
0.515822410468978 0
0.62213468825087 1
0.856165015521118 0
1.98154555624489 1
0.540534618963154 1
1.71972572270538 1
1.04913658150713 1
0.642344592498389 1
0.773749538257264 0
2.2798583191779 1
1.56472987212179 1
0.558069003932077 1
0.73228897165167 1
1.3796095460969 1
0.690107281457508 1
0.65431615483721 1
1.16927870785125 1
0.805127072435661 1
0.716549093853589 0
0.618681546232645 1
0.777001520801202 1
1.38331864549157 1
0.80779982980123 1
1.55583294559112 1
0.542698838736936 1
1.12087335867644 1
0.730693785924449 0
1.29287890318985 1
0.754859331266349 0
0.928353149012536 1
0.616524615612295 1
0.825159660375763 0
0.463627203620882 1
1.54272211428506 1
0.904147985407443 1
0.888024776226911 0
1.77539505090682 0
0.820257529515862 1
0.914634304416606 1
1.15472181110474 0
0.540038385080486 1
0.748575547923816 1
0.617204285490577 1
1.44740436860019 1
0.833126653801932 1
0.604274389592851 1
