0.616281543929392 1
2.10357139040953 1
0.80437224761437 0
0.553074911747812 1
1.04198158775862 1
0.607166086409809 0
0.794103613665656 1
0.478529558519105 0
1.36078352832117 1
1.00807471766196 0
0.841538652348847 0
0.764453352796787 1
0.574865869725205 1
0.881725142599481 0
0.629754150433409 1
0.494236007167928 1
0.842140136970157 0
0.911874723822355 1
1.13609027850416 0
1.02331702605659 0
0.739312230031443 1
0.492234578082561 1
1.19529180529566 0
0.812523451672116 1
0.535162569812528 0
0.598145451599967 0
1.61943255120258 0
0.792699535067443 0
0.728542299326835 0
1.39878835862627 1
0.645250033086553 1
0.552492314013637 0
0.741412805705661 0
0.735140676308731 1
1.14870309312513 0
0.813626691369275 1
0.705488134617182 1
0.855636388294118 0
0.741324102392732 0
0.526413057507125 1
0.529567203442733 0
1.27163388997935 1
0.499886228210153 0
0.916399692422058 0
0.861436311804534 0
0.5307794678235 1
0.785644912635301 1
0.779909784897335 1
0.551126587567711 1
0.534847418708559 0
