0.738672420441958 1
0.763940302148309 1
0.81694580259998 1
1.06810289836979 1
0.801682972502176 1
0.741559031796036 1
0.740179756458303 1
1.13048011892225 0
1.04358588247126 1
0.818608861448708 1
0.792319691847684 1
0.932640193999614 1
0.913329398233484 1
0.973045823164195 1
0.893103342730676 1
1.11716914130821 0
1.08217543114666 1
0.813156008603394 0
0.763726758122104 1
1.01526934840978 0
0.878656264835939 1
0.728806541783029 0
0.699031108950126 1
0.728619831288436 1
1.28242534982177 1
1.40998577026953 1
0.740302937778853 1
0.724910953425969 1
1.40736562587249 1
1.26996708746016 1
0.950292613160565 1
0.778150667134066 1
0.933302248951558 0
0.843974744616245 1
1.05598421259633 1
0.979820201126017 1
0.940297776408736 1
1.54897193315478 1
1.47414095882025 1
1.48187091624772 1
0.721267199512758 1
0.780744892222934 1
0.748930176287984 1
2.12144413966415 1
1.52127798348376 1
0.808275819536935 1
0.854508100416326 1
0.988377268468246 1
0.96002400636287 1
0.791174959069088 1
