0.713960897186757 1
0.953372149165385 1
1.32991638334072 1
1.90324136221985 1
1.7769197283643 1
0.856204651375505 0
1.10435495745318 1
0.782087254404534 1
1.0048973409592 1
2.1370330875622 1
1.35213402601195 1
0.930708813654044 1
1.10925771254313 1
1.02783230550094 1
1.61347072532311 1
1.66411014232499 1
0.812599693181617 1
1.18296325984368 0
1.14258853341978 1
0.96385417192162 1
1.09692817905839 1
0.911680066192982 1
1.34773624760883 1
1.4118877039023 1
0.952110702218838 1
0.849292082287834 1
0.755336856355859 1
1.42855991975637 1
0.772852418411218 1
1.37845273315165 1
0.878258114754276 1
1.6087684161389 0
0.874923739498463 1
1.33558025318446 1
0.940933471966883 1
0.986048518194702 1
1.2745117394403 1
2.32096584903872 1
2.91752851279415 1
1.59570721565036 1
2.48676405549246 1
0.804089556842503 1
0.990506895739345 1
1.04220029161349 1
1.59175789903557 1
0.723932878483366 1
1.09331222568684 1
1.43537621468261 1
0.880222315110307 1
0.907560150409279 1
