0.483799081261805 0
0.515618883334072 1
2.22784247159015 1
0.648142003248468 0
0.575657225984065 1
0.421822289188424 1
1.2210792303815 1
1.56752004115709 0
0.513310029921489 1
0.6811420312518 0
0.753299935876244 1
0.831779019844429 1
1.17812557846251 0
1.27607201920425 1
0.719943233328139 1
0.618891184840404 0
1.90989236317864 0
0.961119251710999 1
0.714982772744956 0
0.607355061104685 1
4.66639532780045 1
0.5465797942673 1
1.22083898353502 1
0.792407012985946 0
1.75142003110246 1
2.17208754678218 1
1.48365922809199 1
0.637627426748703 0
0.873066705278601 1
0.502433467706569 1
1.58142199685326 1
1.00462661150862 1
0.689651919511491 1
0.780645462136964 1
0.726183401607228 1
0.858033331179877 1
1.16322407491273 1
0.482526934178733 0
1.50444703639775 1
1.05234550162997 1
0.818205955412785 0
0.883057299643288 1
0.915937151161665 1
0.594010814897681 1
0.454598395250015 1
0.658952915402989 1
0.551203358271183 1
0.708559181573664 1
0.550927852413179 1
0.597981865668173 1
