1.77303203199131 0
0.808630855057493 0
1.13629042680688 1
0.639869709248507 1
0.744127419787027 1
1.39223789359458 0
0.649178052941159 0
0.67861099814803 1
0.692099562452772 0
1.11967129645107 1
0.795368199886269 1
0.843133946813995 1
0.758590091183674 0
0.890993657870975 1
1.87780171937412 0
0.726049624379732 1
0.725673189202506 1
0.938472165415329 1
1.46819281448684 1
0.785900823606206 1
1.00348146481802 0
1.50792334943218 1
0.850186966887546 0
0.879999046898337 1
1.06556904476427 1
0.812378191153144 1
0.834600519892722 1
1.08160050174172 1
0.812189055997597 0
0.820467219272328 1
0.884815861310234 1
0.726436521638092 1
0.865644853810031 1
0.862858340322782 1
0.815399761743809 0
0.798532698717824 0
0.830950581908158 0
1.26100328263083 0
1.7843258784898 0
1.10731103672897 1
0.784489276831299 1
1.12468188348456 1
0.995342728802326 1
1.31474118489437 1
0.762683231149259 1
1.27015517174677 1
0.941197705464064 1
0.796841005057969 0
1.08283469386863 1
0.685586131763289 0
