1.06319494945913 1
0.790564038974815 1
1.05911493661812 1
0.788154611253949 1
0.756461763933176 1
0.666539479788615 1
0.690194336926313 1
1.57812742158521 0
0.73832108189034 0
0.738577126568517 1
0.49747079776558 1
0.538902163337481 0
0.554945325763476 0
1.54824183465788 1
1.21644463950334 1
0.638869508927232 1
0.594526578759084 1
1.33800448017997 1
0.556318811208336 1
0.482075513572842 1
0.74385877022308 1
0.980458001847615 1
0.547678600887819 1
0.619304129310354 1
1.76770866001069 1
1.45749521855959 1
0.531079070724031 1
0.626433073042308 1
0.76787319810505 1
0.716050801821677 1
0.739054845983263 1
1.04008054771145 1
1.90143291090146 1
0.998962096671812 1
1.43430149009235 1
0.662525818504598 0
1.33645968541841 0
0.751940248435383 0
0.52650425622162 1
0.553516356422966 1
1.00956846710977 1
1.69342201985469 1
0.554672409298016 0
0.564638426257921 0
1.49049978471158 1
1.03467296164026 1
1.48161344551845 1
0.884283327240614 0
0.888134037140814 0
0.563442845603019 0
