1.8661367067269 1
0.77020730390133 1
1.39020101130296 1
1.01913188867919 1
1.4812772666398 1
1.0462181796666 1
0.859067814249867 1
0.609929798765163 1
1.11405957587139 1
1.57492641997148 1
1.36062820617783 1
1.03578588701956 1
1.33005893413086 1
0.671802545776453 0
0.852421751142591 1
0.879310957738155 1
1.27398264001622 1
1.05915925799853 1
1.27831311251133 0
1.28937332867715 0
1.56022257320102 1
0.721711540885933 1
1.42889439991494 1
1.39690786588718 1
1.05398215686123 1
1.09491241837149 1
1.37799102812526 0
0.833516909071513 1
1.08806433491061 1
1.13113003118887 1
1.09785685421338 1
0.707589123911864 1
1.59887767515077 1
1.81748835743072 1
0.921232728197528 1
1.66136883321679 1
1.46174972652199 1
0.917725392481446 1
0.828521916676707 1
1.10191221010039 1
1.1784834637241 1
2.10294805615968 0
0.754167863393993 1
0.931927827930239 1
1.3731690285034 1
1.15613429964383 1
1.14144283270253 1
0.63059513344608 1
1.49857308061931 1
1.20562335540352 1
