2.48161609229177 0
0.627571765406406 1
1.53217225884176 1
0.740428450993234 1
0.798737727492369 1
0.774740578352845 1
1.50908749433022 1
0.964834406190196 1
1.2654935457593 0
0.765608143783076 0
1.56884464095929 1
0.739308435231223 1
0.939316713050601 1
1.09043731300642 0
0.773742991213255 0
1.62187517789745 0
0.70054570838433206 1
0.727947362236408 1
0.863128496739078 1
0.702864559509261 0
0.814239362627293 1
1.09020699791722 1
0.959137115211865 1
0.890611560487569 1
1.39787955261079 1
0.868891773175855 1
0.925719288405252 1
1.09232109072068 1
0.99684682175078 1
1.48843169562459 0
0.970375127068089 1
0.648209183652925 0
0.689613040701832 0
0.873134638450401 1
0.60713559479839 1
1.50511650830951 1
1.11970405727908 1
1.01946554881535 0
0.736059885511511 1
0.680021312221729 1
1.06995506435266 0
0.669911770321011 1
0.869488057442981 1
0.876242455802015 1
1.00875634505587 1
1.29658718647413 0
0.894181975603084 0
0.696949000059359 1
0.793821170624175 1
2.11017455872033 0
