0.932057525471222 1
0.992031251473598 0
1.44364656049899 1
2.01534697829181 0
0.882620780685571 0
0.902715916527798 1
3.21899821409646 1
0.807394921419534 0
1.28922817964461 0
0.775957876551341 1
1.39778462699886 1
1.3421518542517 0
1.86323837928667 1
0.928498489329915 1
1.48994497891093 0
0.963064193589612 1
1.19989486494579 1
1.27695204418904 1
0.801368159537108 0
0.737563030833475 1
2.0473416531032 1
1.40186052407211 0
2.02347280226744 0
1.47544888562752 0
1.79216301633855 0
1.60668448365292 1
3.86167294102667 0
1.45648055723708 0
3.47234709240144 0
0.971397176324269 1
1.49137376266875 1
1.75123446159382 1
0.985794358266891 1
1.80560405128226 0
1.66035340079364 0
1.53258301837025 1
1.56592166106748 1
1.63690665365603 1
1.60463777353001 1
1.64807084282619 1
1.06681064691728 1
1.84682313897158 1
0.981179606430697 0
2.62651947667849 1
0.977759128996695 1
2.12804887542756 1
0.968197662418384 1
0.951924193221256 0
1.03088281422203 1
1.00662420115048 1
