0.995329945346161 0
0.701134208865118 1
0.613088969352458 1
0.55881274745688 1
0.767064641950957 1
0.56209448791957 1
0.779849396961777 0
0.553986679961667 1
1.24485028507671 1
1.01603389119953 0
1.29920132109287 0
0.908748445600557 1
0.75973608793902 0
0.865369265141751 1
0.708010900260157 1
0.502290224115921 1
0.744488289616474 1
0.770323058942894 1
1.22530212003733 0
1.50950453713349 0
0.723302124475461 0
0.640159386590459 1
0.897240730712366 1
0.833226973955489 0
0.683296944914233 1
0.542750699401536 1
1.53269369266089 1
0.767238509551887 1
0.597415627653532 1
0.591508629294583 1
1.15645037862041 1
0.833587190679607 0
0.904977308062563 1
0.716404078167576 1
0.617331767604566 1
0.690978297336059 1
1.61249872964159 1
0.919360496961055 1
0.566043310939117 1
0.642850738144678 1
0.623739059927163 1
1.00579432424983 0
0.562711722862644 1
1.0979383122883 0
0.509050834103001 1
0.793073406119755 1
0.516715885913017 0
1.13567958440785 0
0.534393880061582 0
0.974718333985278 1
