0.866748488711049 1
0.779927466507325 1
1.16273172038619 0
1.4104112582577 1
1.06426184584792 1
1.28634369859344 1
0.56007137923985 1
0.91438909404771 1
0.95174398204186506 1
0.699763080884102 1
0.638594169189635 1
1.20876859601922 1
0.88965818064788 1
0.76103160093281 0
2.36587105002031 1
0.89164787632255 1
0.713044212136774 1
0.82560727934394 0
0.676474936956353 1
0.541049151393753 1
0.719314609787271 1
0.571709067438673 1
0.784914390370565 1
1.35927111053809 1
0.624134733519206 1
0.875766962306918 1
0.971994616340343 1
0.925881501544638 1
0.625665224020128 1
0.860479274005376 1
0.742259763233901 1
1.19156175772414 1
1.60402437009445 1
0.576243792094048 1
0.94512877110009 1
1.40798366286204 1
0.842462997365107 1
1.61334748005073 1
1.59081546533241 1
1.02908465313304 0
1.30689742636926 1
0.677996202355707 1
0.594933800915778 1
1.98954856262629 1
1.65619496239918 1
1.20821405084606 1
0.609077809304004 1
0.771565151158753 1
0.740493788971546 1
1.993651263376 1
