1.01313259142138 1
0.492776167233301 1
0.674032528547682 1
0.574879106199139 1
0.737164849227593 0
0.901337010817366 1
0.838452822075605 1
0.531196253825559 1
0.506375468124621 0
0.734935340508936 1
1.14313846155044 0
0.589913603540466 1
0.546650621265875 1
0.574505239090957 1
0.632898577894679 1
0.51398074801058 0
0.719773291950685 0
0.729129118705516 1
1.02969671639152 1
1.23176037332479 1
0.878810448576449 1
0.462734858094634 1
0.52625596061052 1
0.617619929291891 0
0.617936552733247 1
1.23398775146594 1
0.592895112958468 1
0.535516258930261 0
0.489281686915555 1
0.747718841672624 1
0.45598441426833 1
0.483951585744883 1
0.814349900196319 1
0.477329029129464 1
0.672345137584778 0
0.430877291960908 1
0.622747342416173 1
1.25676040148226 1
0.504132784739548 0
0.635438396162433 1
0.551652333874448 1
0.533045500748977 1
0.726763412861396 1
0.588582287853618 0
0.575795309043741 1
0.447372526967994 1
0.432986629969646 0
0.812790040248494 1
0.486066586834301 0
0.614784696206245 1
