1.00031736334624 1
0.783254365214245 1
0.988416806122167 1
1.15070837567533 1
1.17177361044681 1
1.19864800949079 0
1.26321628123862 1
0.813459725817082 1
0.987240895968764 1
1.11419682879188 0
1.10117306205409 1
0.979786975821876 1
0.787990986151523 1
0.976189933637697 1
0.857983760086485 1
0.821810087690995 0
1.27752268805411 1
1.14149277590592 1
0.995832671088884 1
1.69363411970762 1
1.15250295339025 1
0.952275372870083 1
0.859520893363876 1
0.827901097956521 1
1.21516705942831 1
0.898267363670142 1
1.02130097484391 1
0.784524507710074 1
0.973644636247516 1
1.28555414944811 1
0.829565134535274 0
1.01106197257384 1
1.05905738383439 1
0.75064185242517 1
1.41783152968004 1
1.00492986473808 1
0.910858938941177 0
0.977090939504964 1
0.945878764075003 1
1.21345717773194 1
0.909408943759274 1
0.7905958741375 1
2.73554334247119 1
0.890831257572982 1
0.773512123206187 1
0.770765052190407 0
0.823555237575262 1
0.865656121097966 1
0.810373530433919 1
0.845702220085921 1
