0.7701483778457 1
0.915523281540035 1
0.716436084371242 1
0.852531705792194 1
0.746222122614397 1
1.17808290570749 1
0.787832955258505 1
1.47102773534928 0
0.929337946867266 1
1.12830641184004 1
0.726199314723684 0
0.811376312569586 0
0.959269621712351 1
1.2366377954679 1
0.748183781518305 0
0.845711471844516 1
1.89764975785753 1
0.980672924075942 1
1.07778232473243 0
1.02913635806153 0
1.77580514217664 1
2.23754593511129 0
1.01124715421753 0
0.63275246310657 1
0.702269821723314 1
1.03582489271956 1
0.82094736364797 0
0.974638734328825 0
0.903903765693015 0
0.7961438550363 0
1.14955264527838 1
1.68951498068663 1
0.8336476535014 0
0.87833459702124 1
0.70040957877463 0
1.57980014978311 1
1.02177225199025 1
1.71764419468354 1
0.831322006790267 0
1.18583811506609 0
0.777248202081756 1
1.26213614148931 1
0.686578634524317 1
0.740585304253941 1
2.22553868515585 1
0.699907897726499 0
0.762537936118564 0
0.943588422628154 1
0.871158135810451 1
1.60982788668237 1
