1.11647064209971 1
0.944326175631578 1
1.27642296988196 1
1.42707673753311 1
0.816137416800445 1
0.733556834166114 1
1.09382873662674 1
0.894004251547561 1
0.751944408401228 0
1.09339668596436 1
0.894692541921384 1
2.31123932443079 1
0.939611478965126 1
1.44436198105903 1
1.14928801226294 1
0.789333115536211 1
1.0076440526598 1
0.922037038141167 1
1.08747308901393 1
1.00324160277316 1
0.977350720944645 1
1.33057833957857 0
1.06457683247523 1
1.13877010975089 1
0.835021199015484 1
1.20519409054237 1
0.700983695126273 1
1.06757960896353 1
1.19220332972041 1
2.14047036907889 1
1.16036100271631 1
1.04658471013088 0
1.53944592315808 1
1.16377902140215 0
1.61529887216851 1
0.804520687116741 1
2.42866040140559 0
0.96107951207027 0
1.06150611289134 1
0.802563114845438 1
0.762395000672779 0
0.668042763578411 1
2.14607763021906 1
0.702858810950401 1
0.83754381270745 1
1.89765407193083 1
1.10130788794871 1
1.28300101093404 1
0.830863367811793 0
1.08057252108899 0
