0.589588862690606 1
0.596671211076332 1
0.743218725301442 1
1.62975598769703 1
0.656604083450983 1
0.594984311069622 1
0.703990463352861 0
0.626729977527752 0
0.822466042387376 1
0.68581878237857 1
0.671702281459905 0
0.735442694424041 1
0.710927945429676 1
1.47891027526113 1
2.33909142960495 1
0.767573914041559 0
0.563549712409672 1
0.670198047342963 0
0.569458066263528 1
0.947278147469452 1
0.799572920982749 1
0.798710344375025 1
0.947075685068774 1
0.633917831956086 1
1.2543087384974 1
1.59660260870277 1
0.902830217968717 0
0.607779960425075 1
0.700390451247887 1
0.67917204552477 1
0.590964236523758 1
0.643207539861687 1
0.703992374006554 1
0.7056763934284 1
0.675553707209248 1
0.654458368667769 0
0.573702528793447 1
0.583909056475294 1
1.05944818115543 0
0.642844850323992 0
0.813464985402865 1
0.660457047867026 1
1.15317786400943 0
2.75640221568524 1
0.744987077224604 1
0.9375423746057 0
1.07518902569134 1
0.592511241700434 0
0.633019328618145 1
0.70131493392599 1
