0.829741063610577 1
0.594984502084773 1
0.88711436414715 1
0.765092893352731 1
0.633259190565943 1
0.780431937529631 1
1.12972764889615 1
0.769204581181447 1
0.575305766728731 1
0.595960923259839 1
0.82109054548441 0
0.862268252000618 1
0.581724163594545 1
0.91803480812154 1
0.661625162487813 1
0.699931298208248 1
0.575582258982894 1
0.579432185167742 1
0.60848820730571 0
0.671954662209346 1
0.934584142171859 1
0.593070188700805 1
1.29695878665752 1
0.537535558570244 0
0.597954361696784 1
1.50234089750705 1
1.74636926578353 0
1.57094860693245 0
0.652268614496984 1
0.692562840512498 1
0.574751177927919 1
0.696373719771898 1
0.567950144252704 1
0.738979622568036 1
0.613999391493397 0
0.72439835132254 1
0.648065505799903 0
1.05334264493624 1
0.644364282619167 1
1.49355338966993 1
0.744014984339082 1
1.03160444287062 1
1.0860040590475 1
0.855628870140057 1
1.03813574507481 1
0.595172247500357 1
0.751887421884957 1
0.947335268643883 1
1.85286448455674 1
0.733675231703007 0
