0.743931578311245 1
0.708019065812788 1
1.08376222721197 1
0.634845330254077 1
0.796665755985795 1
0.833116126204588 1
1.56345855052336 1
0.707862754410025 0
0.780972190044373 1
0.729941388924849 1
0.930748383740963 1
0.682983533921722 1
0.805528509653665 1
0.945949094273835 1
0.818540095573692 1
1.12283494720567 1
0.684865402745572 1
1.11751939581927 1
0.843873480375014 0
0.752141753979398 1
0.899932184511875 1
0.890516134928746 0
0.649094340894943 1
0.817440245949032 1
0.780632105300572 1
0.736213435443165 1
0.812707517813337 1
0.825203950216402 1
0.906329446041711 1
0.759784708814684 1
0.814679026563082 1
0.977059833617109 1
1.34256214858974 1
0.666325763610855 1
1.02966947346302 1
0.792684578065354 1
1.55717176242252 1
0.631343090664511 1
1.02345666304752 1
0.661458259045403 1
0.786049450573108 1
1.42625489423917 1
1.04235946638013 1
1.09384864233075 1
0.853065841723446 1
0.990889677742223 1
0.648805729930919 1
1.14842463515426 1
0.817904680480824 1
1.45656936362253 1
