0.61473683141597 0
0.787426939625681 0
0.548948433621133 1
0.730601715928175 1
0.593532549191809 1
0.490373457273495 1
0.515719328627664 0
0.588522003505167 0
0.501401208552318 1
0.919466488225946 1
1.14040760919676 1
0.514264252105163 0
0.86883503511909 1
2.19676693531401 1
0.656283818228499 0
0.498740870877112 1
0.608098028983451 1
0.585258279556991 1
0.621521114615038 0
2.26485811089419 1
0.559578660824779 0
0.985092712642528 1
0.643533560938421 1
0.478715848224135 0
0.985638634839991 0
0.868122921535025 1
1.49315578914956 1
1.22292520311421 1
0.78635886417061 1
0.538647453572256 1
0.869885089090027 0
0.58348280001597 0
0.515167851426562 1
0.625541212295732 1
1.00311865257741 1
1.03963267836341 1
0.605646608133505 1
0.636907126497793 1
0.531824474513093 1
0.772758381024839 1
1.14712522402781 0
0.871281457196947 1
1.84068297486839 1
0.83459709852814 0
1.00331562232842 0
0.507746180358022 1
0.527853816430423 0
1.21619182840184 0
0.625636358897376 1
0.680914106296715 1
