1.09567651406792 0
0.916024611414901 1
0.889675151284301 1
0.824921495748097 1
0.768729470501626 1
0.780598274219564 1
0.816569019674068 1
0.764335128740302 1
0.822556218244956 1
1.3818092413685 1
0.73363558945996 1
0.992529732035822 1
1.05076354712598 0
0.7850227508206 0
0.918229867105875 1
0.841489048622686 1
0.912885666181407 1
0.780987485369588 0
1.08277965659181 1
1.04490196549717 1
0.747571588008342 0
0.871778873634016 1
0.851369938697338 1
0.924753200204769 1
0.782110843873012 0
0.882971441362881 1
0.875195970936124 1
0.995923854118488 1
0.736998916184922 1
0.926848537298029 1
0.81186047919394 0
0.89851556366057 0
0.981056639698672 0
0.871818834967948 0
1.62502054803963 1
0.873843872474118 0
1.25756705056272 0
0.909923400873122 1
0.925208811691085 1
1.21077629664927 0
0.782961191088096 0
1.12313613312056 1
0.726768581759776 1
0.850614694187967 0
0.941265798813733 1
0.911774784769327 1
0.792907392129419 1
0.81690984013541 1
0.843162187947061 0
0.931675163233222 0
