0.708419716571378 1
0.885033406195575 1
0.849689184623887 1
0.678344155581195 0
0.712702111762705 0
0.800238148478707 1
0.991825908385602 0
4.02801986596016 0
0.86266930924066 0
1.03221861172033 1
1.07625186523271 1
0.913398909560017 0
0.672008465058765 1
0.751234203158349 1
0.868773995955957 1
0.609709702801671 1
1.0823314217916 1
0.937890244090946 1
0.787895091907469 1
2.01453762751959 1
1.20667590515741 1
0.550211330966635 1
1.24172164089558 1
0.575165123780038 1
0.736392783689949 1
0.935762171132241 0
0.702737333032408 0
0.71811771539122 1
1.14712785705612 1
1.39442441029237 0
1.08250422346167 1
1.14993156819776 1
0.666945743639131 1
0.992932158059745 1
2.04419867605065 1
0.613446870455577 1
0.96425130648632 1
1.22702932361114 0
1.60732865085683 1
0.56865513051365 1
0.863483235743443 0
1.16141866795302 1
0.732195583144416 1
1.03819791857995 1
0.68966609355478 1
0.582080233922427 0
1.35699605763725 0
0.928952718404705 0
1.33389033847033 1
1.06673653261621 1
