0.908059480416543 1
0.865914824316656 1
1.90934489276789 1
1.17703820140285 1
1.25953725063397 1
0.944752318194775 1
1.04213494008392 1
0.877926745238718 1
0.699920184038727 1
1.29938717545162 1
0.809607130857922 1
0.71719843288017 0
0.777931352024096 1
0.968992935914468 1
1.24872084571232 1
1.6996427255612 1
0.998719891491512 1
0.869131656871301 1
0.75179429019039 1
0.889227553483706 1
0.958920017014181 1
1.02085184522282 1
0.902079824267843 1
1.04755249094675 0
1.15146535257029 1
0.830582908456275 1
1.46913766893603 1
1.03324212110551 1
0.771308008157505 1
0.796153687183808 1
1.40490402895971 0
1.00627537098215 1
0.760675643696194 1
0.75167106902636 1
1.04276209936611 1
1.58701677745012 0
1.29637307778972 1
1.03145842244978 1
0.960802981721845 1
0.769552558504958 1
1.2698271873927 1
0.878951833958329 1
1.365115668327 1
1.33323132434111 1
1.04130600812472 0
1.29761884575152 1
0.995639288170535 1
0.873328473934731 1
0.837196583269542 1
0.879299504829719 1
