0.868455072437565 1
0.76668375088759 1
0.707884504968842 1
1.17796384408511 0
0.7871058483964 1
0.624399726209886 1
0.898548231305963 1
0.778419500130104 1
1.33836430732802 1
0.775955993479893 1
0.654595348617408 1
0.65652683783739 1
0.655889516743971 1
1.35332924624562 1
0.680380428827457 1
0.637569208982541 1
0.692074320242908 1
0.824365121686915 1
0.738874193683253 1
0.635188921210366 1
0.764573453261411 1
0.664838326441633 1
1.18505780963794 1
0.830942800467986 1
0.810835907184565 1
0.960340173833209 1
0.740296552513412 1
0.702936103468385 1
0.720809577053428 1
0.665227565826489 1
0.63655868829874 1
0.62562691993753194 0
0.693998876384893 1
0.797497492746496 1
1.09787752139492 1
0.712822447263546 0
0.683112318540304 1
0.774432238241663 1
0.73691995910221 1
0.750492716589716 1
0.654836963198796 0
0.948475256314594 1
0.757133581944747 1
0.627206541138796 1
1.08847157064928 1
0.647940710451844 1
0.678683006501109 1
0.656659407975443 1
0.730281702203331 1
0.722538796639868 1
