1.08821961546387 1
0.97711476942186 1
1.09359618595513 1
1.57713472229122 1
1.64535537237112 1
0.873064887828398 1
0.687803133724544 0
0.915472556665191 1
0.679458115667952 1
0.735689242575423 0
2.18393988454722 1
0.582045513412827 0
0.627255542660343 1
1.09247646541957 1
1.12454315898494 1
0.450378869168661 0
1.03708189038037 1
0.514330574875917 1
0.565552518507318 1
0.731376322999791 1
0.774068870146874 1
0.522567112204433 1
0.751494166829273 0
1.33687046050257 1
0.557137492622488 0
2.25735799225615 1
0.735809491903824 1
0.96024773783086 1
0.978291122722472 1
0.631003295513263 0
0.797513599537515 1
0.67845391903588 1
0.583547330114142 1
0.699818331045931 1
0.612783662649415 0
0.437407643130877 0
0.786699845842833 1
0.976291988143746 1
0.805399213940669 1
2.16490881400929 1
0.895458241956727 1
1.30236493961053 1
1.01148310356574 1
0.542491895675744 1
0.752046032901384 1
0.638417895109747 1
2.8575154709629502 1
1.76937347723497 0
1.20640162074756 1
0.57606464349047 1
