0.764753489911647 0
1.49599652252432 0
0.787072862329339 1
0.699527049144438 1
0.829566551499467 1
0.772433422222691 0
0.872010822062759 0
1.03837252092696 1
1.54681342220984 1
0.630511684070275 1
0.759811065703796 1
0.752610922942742 1
0.777862098526166 1
0.98099223333912 1
0.634774639771541 1
0.68281468090467 1
0.836465641840342 0
1.40558326091707 1
0.726200917615957 1
0.936547715079359 1
1.11651753468252 1
1.07825679010466 0
1.41296233816254 1
0.894716162958272 0
0.840544082742077 1
1.58114429520413 1
1.12868202976632 0
1.26226701720399 1
0.767094191441614 1
1.09282812730573 1
0.783412958945581 1
0.6411419829198 1
1.06888999366608 1
1.2053582500524 1
1.36952475192948 1
0.875293313219478 1
0.736180885600286 0
1.28100133830394 1
0.669907192255936 1
0.941133272600265 0
1.17427488631385 1
0.697114675077046 0
1.15978249868718 0
1.00201938223999 0
1.12562632490784 1
0.760381680395894 1
0.902094408979377 1
0.90961458078163 0
1.59722727735458 1
0.847047929210136 1
