1.07624112848584 1
1.31942898076856 1
1.0637480286597 1
1.02852514171064 1
0.947963898950775 1
0.868577559404092 1
1.02448687006173 1
0.960710908773601 1
1.09355206077967 1
1.0063397415731 1
0.989465821437582 1
0.943470758522857 0
0.889160478884363 1
1.4254219197533 1
0.861531245845765 0
0.950866662255925 1
1.19927006056667 1
0.980543719330317 1
0.844567743571467 1
1.07244200970992 1
1.30483332134223 1
1.09298242753099 0
1.55215132500861 1
1.21375195407802 1
1.13159535837579 1
1.12037959084336 1
1.19980067692381 1
0.898750789602969 1
0.948111332347231 1
1.33698063407966 1
1.36753456516901 1
0.925490209967968 1
1.00778139775266 1
1.01020013166019 1
0.888338010522772 1
1.34290199065314 1
1.24025079982238 1
0.863416976629366 1
1.18801229191122 1
1.21894951917719 1
0.949185186572733 1
1.00676540557255 1
0.964415378409736 1
1.6216676841075 1
0.975315601981876 1
0.954865487491951 1
1.2621118436806 1
1.07683803743669 1
1.12129617218921 1
1.39336124879721 1
