1.16745080635003 1
1.50353828265634 1
1.00177653601608 1
1.38739132256102 1
1.10451571504255 1
0.929784270918059 1
1.11875877803759 1
0.947062521951259 0
0.844928921671207 1
0.873656301917481 1
0.946380856050643 1
0.89822923804881 1
0.987411796980046 1
1.12136799275208 1
0.909005059146182 1
1.09055318912534 1
0.866682378725538 1
0.958485696977601 1
1.38177851158385 1
0.890379971266421 1
1.04756964833881 1
1.21633080922111 1
1.11582061258579 1
1.11024288924441 0
0.90207493838282 1
1.44059842882749 1
0.958942743622975 1
0.886926710324343 1
1.18246426958816 1
1.11013484283539 1
1.17029692649143 1
0.90636736582615 1
0.883848124549697 1
1.525471167932 0
0.927213721763409 1
0.900639348234582 1
0.954052460230748 1
0.87126827028494 1
1.48737392945071 1
1.03132204740921 1
1.03290898951611 1
0.863922300930808 1
0.834066525261649 1
0.970139121647204 1
0.980876398785363 1
1.48843357562059 1
1.02992428099696 1
0.922655564631019 1
0.919816789703783 1
1.39795244736562 1
