1.05904119113192 1
1.00095846928623 1
0.667415684673189 1
0.796531370893808 1
0.707090072120934 1
0.882176272823377 1
0.614356141534021 1
0.644229591792748 0
1.22002404714973 1
0.622375270868458 1
0.582878564494531 0
0.787131667003778 1
0.754450069548269 1
0.56175785138503 1
0.543945504182877 1
1.65060573004441 1
0.911800402283308 1
0.713059955627424 1
0.910917669302935 1
0.764727417196778 1
1.3958311780132 1
0.965875917623212 0
0.857901254457707 1
1.04780728645473 1
0.692071502676541 1
0.569895647560407 1
0.833000242463919 1
0.66682326009381 1
0.558877001078919 0
0.937374636688611 1
0.856118632707376 1
0.61003983293412 0
0.99369492488686 0
0.810012548882521 1
1.05009609404299 1
0.788796513913562 1
1.00723965306627 1
0.836788798895626 1
1.14138776424893 1
0.761773602302353 1
1.02678875044903 1
0.616740934831346 1
1.22297253599617 1
0.596067817051052 1
0.564467376121412 1
0.671602376303529 0
0.651796061678968 1
0.909452875713338 1
0.857629613987791 0
1.86052962412288 1
