0.550998850448384 0
0.474751285047766 1
0.446152323871408 1
0.766845675275547 0
0.506280355073061 1
0.510126608172204 1
0.636113101532209 1
0.561022196823479 0
0.454310437663982 1
0.48205464888271 0
0.4303271297658 1
0.55369133382482 1
0.70013137812673 1
0.803891726199879 1
0.424827204914845 1
0.467243265042079 1
0.43974822047048 0
0.433824271792767 1
0.59845308971185 1
0.994150441511686 1
0.504533156323456 1
0.596145350270473 0
0.442478985304157 1
0.445516990813443 1
0.503663574226205 1
0.874817829432937 1
0.568831702154488 1
0.40224070162587 1
0.680434048070326 1
0.584778916449625 1
0.436410677437904 1
1.40996230270023 1
0.415487839620305 1
1.02758088355482 1
0.567211360867323 1
0.492674277326017 1
0.629094617574653 1
0.500427764065165 1
0.746409224197893 1
1.05359793120207 0
0.418894413791581 1
0.473429401115257 1
0.771114357095038 1
0.577918726879005 1
0.567930715990802 1
0.595830461394842 0
0.553529385652241 1
0.586859267054138 1
0.579444467222559 1
0.432948831332085 1
