0.645419132289553 1
0.59465337495475 0
1.85007769638624 1
1.23911856004668 0
1.81562921890092 1
2.04682782307395 0
0.987566566561872 1
0.691134338301787 1
0.671545111534432 0
1.32132346053704 0
1.78113366576818 0
1.18768435403195 1
0.60769204964486 0
3.49213584556066 0
2.967545475973 0
0.805250771999845 0
1.34791932483617 1
0.882081781593681 1
0.655963689226498 0
0.704014360003735 1
0.842494638012334 0
0.812984652694075 1
1.62177107566521 0
4.36272705312973 0
0.940667808914204 1
0.944094055617189 0
0.847859254737719 1
1.89636590781415 1
0.90480744534612 0
0.721596897199856 0
0.816292284915806 0
0.964689508836888 0
1.00266259089734 1
1.04928573197675 1
0.705128589613025 0
1.18807454033761 1
1.5305294898607 0
1.92004355998488 0
2.03479025823176 1
1.11681913735095 0
1.22766949402068 1
0.924340505089448 1
1.09359434751622 0
0.695631319084444 0
1.07169106276191 1
1.75252674533536 1
1.25629144277102 1
0.648759211006018 0
1.19385107778133 0
0.995931980393457 1
