0.961240573201357 1
1.11432735692762 1
1.1160928466402 1
1.73105936705349 1
0.955343198647322 0
1.00618859720056 1
1.99835172953298 1
1.45391417481855 0
1.18007271666799 1
1.11200774323739 1
0.82902164651754 1
1.2784489264697 0
1.26738459054506 1
1.27204763925962 1
2.37512722394849 0
1.01101299209052 0
1.13614035910249 1
1.17691981320401 1
1.15187145384689 1
1.31185590228518 1
1.72989002022045 1
1.77574163814557 1
0.842818928322254 0
1.1225047107319 1
0.85085063874651 1
1.06767783471649 1
1.11548030151755 1
0.744805269230858 1
0.855799195814276 1
1.30723175854118 1
1.09702584115337 1
0.846911367127319 1
1.21483189676242 1
0.852264955558787 1
1.1370160099661 1
1.29263739747845 0
1.03295510167162 1
0.904063933581494 1
0.832549810682479 1
1.03570706954094 1
1.01769147002871 1
0.963491798411636 1
0.954887783466025 1
0.846994081153898 1
1.06017410591925 1
1.05744696079796 1
0.801606702152888 1
1.06644448496404 1
0.839969543047287 1
1.01395038955889 1
