1.11296895859737 0
0.892731997857704 0
0.80587355856426 1
0.89815547057289 1
1.15725555667427 1
0.863883317595217 1
0.804964316468123 1
0.745536738099672 0
0.804963271776378 1
0.774355885861123 1
1.62517115287005 1
1.28644459494011 0
1.25084371323361 0
1.54919778867393 1
0.761138117768906 1
1.10881869185687 0
1.34711930118046 1
0.842932232209311 1
1.64237294509446 0
1.05421913982902 1
1.1905657868074 1
0.913833101122974 1
0.842602739886178 1
0.877003379463774 1
0.918280440306184 1
0.812339458312558 0
1.19637899490998 1
0.90146556777534 1
0.939414325867073 0
1.05014669852601 1
1.23126143921378 1
0.901288441162334 1
0.792619160078733 1
0.775885601970189 1
1.13983730336333 1
0.855791813562449 1
0.904199962288307 1
1.1198885668891 1
0.953971873661316 0
0.983465187402323 1
0.773807019024804 1
1.11356625230247 1
0.99470962028554 1
1.45786740437683 1
0.852822029198784 1
1.16406932197448 1
0.933565219205442 1
1.28433270543727 1
0.962079140050198 0
1.29015270968642 1
