0.746883722205875 1
0.628857198343565 1
0.743697959359195 1
0.597367789976107 1
0.731341386628674 1
0.687458054387174 1
0.904132450181149 1
0.675654228718054 1
0.590817495184879 1
0.684618284769148 0
0.651220794912887 1
0.598355411402841 0
0.886466453130158 1
0.686136274697861 0
0.758578000784122 1
0.791959755860098 1
0.847009789681625 1
0.705831632822205 0
0.716766723202172 1
0.663422947492754 1
0.763168996273944 0
0.874024818812235 1
0.735000050410236 1
0.835106996793057 1
0.819399899506043 0
0.669161721723411 0
0.600036774697943 0
0.704349979816888 1
0.691068439388598 0
0.644926209274654 1
0.673209911589552 0
1.12011126155187 1
0.611967389165577 0
0.570156397696597 1
0.635690162300198 1
0.97810009239226 1
0.737613909219092 1
0.632795249311909 1
0.643304042848629 1
0.87989128387201 0
0.720734520099012 1
0.680705434758489 0
1.30121764661923 1
0.783703534042078 1
0.837525533473695 1
0.696649465629693 1
0.739280129135582 1
0.696570733098591 1
0.611050624174453 1
0.603252575508554 1
