0.792846009912689 1
1.05945476020754 1
1.09564871542009 1
1.33315793795875 0
0.800039212935788 1
1.55818297826573 1
2.91014048958992 0
1.04856083671625 1
1.0701274273556 1
0.963735738388717 1
1.11860262708133 1
1.02186241044591 1
1.22688793809662 1
1.94668931593629 0
3.68356500965292 1
0.844895536734487 1
0.905797146894731 1
1.15200251943701 1
0.809289884128089 0
0.758107372975758 0
1.55738500884769 1
1.10190548809394 0
0.696864276133392 1
2.13202377835801 0
0.885893432369489 1
1.00816350116625 0
0.863586781060086 1
0.859896757072277 1
0.883866359837168 1
1.01703463383387 1
1.53165481728967 1
0.763153705065477 0
1.02795137861856 0
1.31134925027236 0
0.690996734618417 0
0.836616349984314 1
0.830466787503789 1
1.01488234885835 1
1.15710133772459 0
1.62761161037756 1
1.34762953416524 1
1.18431018921794 1
1.4842149487668 1
0.985975184914334 1
0.719084813734545 1
1.31569106216066 0
1.04050089841507 1
0.988844818814048 1
1.34759715923272 0
0.810684131565854 1
