0.612687219726659 1
0.688048895662497 0
0.594513967576869 1
0.89356821651597 1
0.645657698964702 0
0.790961006701069 1
1.09693073925675 1
0.711091285585987 1
0.817526277433333 1
1.30557331430412 1
0.645026302995808 1
0.570750488528035 1
1.38222644293653 0
0.969836942868783 1
0.857316997386896 0
0.790619265104357 1
1.02700743411169 1
1.24249058835777 0
1.00874178636662 0
0.820838706507298 1
0.915883650530316 1
0.704516665282401 0
0.697815163424607 1
0.588558307814051 0
0.872325011899238 0
1.102563713558 1
0.874480995493045 0
0.710231093002677 1
1.10378972517903 0
0.706285956746298 1
1.22055844922229 0
0.923509482579266 0
0.706143637396715 1
0.752551966927829 0
0.974785867167642 0
1.00872796873562 0
1.04585183588036 0
0.759078189059615 0
0.933957434955487 1
0.743140679579346 1
0.755874610882531 0
0.736043559890035 0
1.02684890987771 1
0.611204739349368 1
0.585603783643895 1
1.10043212507274 1
0.766967831612719 0
0.664061501017695 1
1.08326106593055 0
0.830177819125532 0
