0.612451516973841 1
1.41185830723572 1
0.710410624679367 1
0.740256509656394 0
0.922662478994584 0
1.01359825858292 1
0.740536319931886 1
1.0012354327342 0
0.804025688443993 1
0.877664519707321 1
1.01852606455381 1
0.684568502086007 1
0.809145784671916 1
0.999794775039055 0
0.900210624849901 1
1.88467732212723 1
1.36702208202206 1
1.64042276234731 1
1.12703260956307 0
0.679935379464217 1
0.579220550994103 0
1.19765007513115 0
1.44167054955422 0
0.711582956521146 1
3.81747286394082 1
0.982656837560512 1
1.8047811918715 1
0.944741991734728 0
0.773309902626482 0
1.01017418696651 1
1.11495227870285 1
0.610145044453023 1
0.998438733235356 1
0.877824793672798 1
0.949841413238857 0
1.00984537403941 1
0.678714313686635 1
0.915573564803886 1
0.915868698855664 0
0.58071179126278 1
0.608606045956313 1
1.0529713799774 1
1.11123731779714 0
1.23100827579276 0
0.596152836446572 0
1.17227943411476 1
0.725418138314731 1
1.00902850608811 1
0.649543208482286 1
1.4486756583486 0
