1.6474562070627 1
1.52106798358636 0
1.65212863129092 0
0.8091226240854 0
0.6809477381437 1
0.774802601608301 0
1.7003746348804 1
0.84072044099205 1
0.926168569727457 0
1.09095621628157 0
1.02098908617325 1
0.680846804050706 1
1.02505548954497 1
1.20971074991489 0
0.933528881166271 1
1.46813624376621 1
2.01082779706686 1
0.854902181189311 1
3.42115074803028 1
0.975299709663871 1
0.814885990329552 1
0.783718837749944 0
0.930868132476123 0
0.924096012932356 0
1.506974442476 1
1.15895355374223 1
1.11702857897097 0
0.946035282561466 0
0.688010212040457 1
1.05669614877702 0
1.25029118483484 0
0.887473477276572 0
0.913052879248184 1
0.801013508934641 1
2.96271661057511 1
0.729441655906421 0
0.864587422838152 0
1.31417534558376 0
1.03484032869342 0
0.93939513121866 1
0.864142930524462 1
0.900115458431388 0
0.739599288819566 1
1.23942227874648 1
0.860283367335945 0
1.19549381374417 0
1.32266491574448 1
1.43002600674789 1
0.914497009538284 0
0.860454864324569 1
