0.91175716568764 0
1.35906992759356 1
0.715544345006025 0
1.66814645758896 0
0.911419155717968 0
1.04797865226535 1
0.759721104035282 1
0.744282586822121 1
0.970629240802631 1
0.704658948604833 1
0.713743414704048 1
0.784507814754037 0
0.763476465642051 1
0.937266449023099 1
0.905372534867711 1
0.780747000011299 0
1.02942134319502 1
0.76222474036397 1
0.788562665226055 1
1.03296104115552 1
1.19676579968044 1
0.886050052584632 1
0.79053218610931 0
0.829942719895675 1
1.27708935261282 1
1.08614776183604 0
0.778465674443918 1
1.0479211365001 1
0.86205781935862 1
0.715773028949716 1
1.0032658639458 1
0.778579654035932 1
0.822693635181735 1
0.754613711350795 1
1.36920872504553 0
1.247723848789 1
0.769296390747877 1
0.701828700910811 1
0.73617812927767 0
0.741783766377725 1
0.736741528942084 1
0.717844283047303 1
1.30861464858473 1
0.829360176763943 0
0.870350084768798 1
1.06079491525021 1
0.820823817610995 1
0.699088024283854 1
0.80401121721346 0
0.732049205170804 0
