0.69718089411837 1
0.728746213629876 1
0.7520786677898 1
0.564344187648741 1
0.989613736071561 0
0.697502692477516 1
0.60603208750899 1
0.934702178137391 1
0.663554087844493 1
0.720074227848081 1
0.563965572771112 1
0.841035459782043 1
1.01382709151914 0
0.629220744070999 0
0.619060785645819 1
0.736031839018243 0
0.784937657573697 1
0.564825687522138 1
1.6373792080688 1
0.546572245126356 1
0.710340133186772 1
0.653373841492388 1
0.806866706128837 0
0.662579158584294 1
0.55914285501651 1
0.77012090340064 0
0.881722125381592 0
0.59852558140357 1
0.585282417488052 0
0.809260499065301 1
0.980396093508688 1
0.599843115436941 1
0.635881138865867 0
1.21685712306957 1
0.589997681884541 1
0.665007442029826 1
1.07304052080853 1
1.37590162802796 1
0.573908284812418 1
0.706183357798545 0
0.669810445449656 0
0.807337374411066 1
0.760731221077912 0
0.59832815998354 1
0.597745202371008 1
0.767119950288 1
0.680375309321486 1
0.680443590912951 1
0.569038051924208 1
0.552574144334208 1
