0.672539080425032 1
2.4190816754789 1
1.88294748281016 0
0.760585308806349 1
2.29114085002055 1
0.68089858687408 0
2.18429062267365 1
1.45591066314883 1
1.42908948485335 0
0.738093780856475 1
1.02401173300295 1
0.836055666791147 0
1.32151062092856 1
2.37125553397173 1
0.849787279264335 1
0.984511825109975 1
0.876680361193649 1
1.4062509273891 0
0.686288908217508 0
1.31030517571736 0
1.7988532387251 0
0.769864199787351 0
1.13430591046072 1
1.84175843540758 1
1.47623854027472 1
0.961338539644211 1
0.773244556551952 1
0.870350603220969 1
1.74241468456396 1
0.852723649591991 1
2.14049366104806 1
0.639309212809942 1
0.664483969312406 1
1.45374163317577 1
0.741540470164051 1
0.6737444619523 1
0.692928246871767 1
1.02564885911462 1
1.47131381080071 1
0.827867256618536 1
1.71195923369634 1
0.953407781048777 0
0.832095363044278 1
0.835930558651798 1
1.27374497400331 1
1.01829413092337 1
0.700468507417292 1
0.839099456488616 1
1.69793699805935 1
1.10288336731953 1
