0.749206491223855 1
1.65600234367512 1
0.582172129946215 0
0.785848148099536 1
1.61893162167656 1
0.631582918070951 1
0.696250275968437 1
0.6132251074942 1
0.906378457188813 0
1.41566989613967 1
0.991518514603209 1
0.587021944411609 1
0.664195585787174 0
0.648820680240314 1
0.633792715172354 1
0.767080938682918 1
0.98814275556171 1
1.88031932365382 0
0.587794406856366 1
1.26989784042236 1
0.996784185649068 1
1.03252787462776 0
0.538533556904353 0
0.777225061583841 1
0.604186886895948 1
0.665924669161138 1
0.817998058288525 1
0.625032578075787 1
0.713013200485791 1
0.983045318630143 0
1.06916986949189 1
0.63356969136386 0
0.68566093075929 1
0.588454820429272 1
0.717552728970025 1
0.694647892094236 1
0.696332825057824 1
1.32614106493056 1
0.911771915473859 1
1.33653869394036 1
0.564094000010757 1
0.582549382802157 1
0.605171215934072 1
0.687905836267879 1
0.594908112798678 1
0.799181022909292 1
0.557749690042693 1
0.686793595946513 1
0.815568624045483 1
0.541404776248176 1
