1.0645081346078 1
1.1548820942002 1
0.605980918143923 1
0.896761724512653 1
1.13412612884041 1
1.18679231605433 0
1.21769328866048 1
1.97850069764982 1
0.775642312751 1
0.809750846794046 1
1.20940350076308 1
0.572129377865902 1
0.930353367682587 1
0.870582435721604 1
0.688103013954228 1
0.980260140864916 1
0.868249936296569 1
1.0239929386895401 1
0.998177184769015 1
0.641796385868809 1
1.0996610752193 1
0.776724745392277 1
0.725047117206374 1
0.88081806281838 0
0.611854995993229 1
0.602206069642288 1
0.675756551080148 1
0.695129128349987 1
0.62984745437815 0
0.702505942322801 1
1.07678858242732 1
0.804627328425757 1
0.584629885318212 1
0.812004950937808 1
0.675831974933615 1
0.722368738244365 1
0.89693689944163 1
0.645916964366308 1
0.848672797030565 1
0.853171625106667 1
0.706319066205485 1
0.579106419922818 1
1.91850542201958 1
0.782402536043016 1
0.825041466793159 0
0.649752737707034 1
0.853398181764605 1
0.620175231969099 1
0.795222530841902 1
0.566536851986435 1
