0.393434979172907 1
0.454411169130767 1
0.386763291098097 1
0.445583401435872 0
1.28393801865485 1
0.622576821238913 1
0.666410259775989 1
0.664164680889371 1
0.388997802778408 1
0.531418692294618 1
0.751338836537718 1
1.15085431989311 1
0.479092466880268 1
0.475640629973338 1
0.360265212615825 1
0.384013232299156 1
0.733154429092374 0
0.646792871799737 0
0.525138430361362 1
0.871716512644149 1
1.1305720850743 1
0.827958274450444 1
0.590830362189052 1
0.891415053724473 1
0.669801543786206 1
0.661133133164105 0
0.578465778642326 1
0.951856057106769 1
0.691184260940633 1
0.382235206740875 1
0.595560058114262 0
0.651758417587879 0
0.945309830751948 1
0.37758674212137 0
0.82123826060074 1
0.961481994241131 1
0.39398497258837 1
1.4144079756022 1
0.548259401016917 1
1.37191728884963 1
1.15742285105063 1
0.906124253744509 1
0.50714157962054 1
0.792094101871491 0
0.733795316216082 1
1.94590430656615 0
0.510891621408067 0
1.35780981278497 0
0.464841073191262 1
0.652543949575006 1
