1.0174419513592 0
0.891470214197047 0
1.11940692589737 1
0.763119802363809 1
0.818697579328388 1
0.89666021704414 0
0.785532114921668 0
1.17124190056759 1
2.08669995451311 1
0.712417211999125 1
0.901212707561993 1
1.2029748800137 1
1.06418456184148 1
1.26788365456721 1
1.38519759951439 1
0.927759561593702 1
1.05204681387874 1
0.720970853752853 1
1.35202193106911 0
0.775659365212774 1
2.07097869318762 1
0.905741825453154 1
0.998736491327758 1
1.5088138816913 1
0.855072999187485 1
0.88534241808733 1
1.11474351975263 1
0.719556857254132 1
0.839848238383284 0
1.00188960051727 1
0.956689055881644 1
1.30716631681648 0
1.44800254108153 1
1.2587615972603 1
0.947303386236156 1
1.36722988925981 1
0.809048745768202 1
0.862128362029123 1
1.24558026477168 0
0.815123467217299 1
1.33045228206117 1
0.961735274885197 1
0.65782653004365 0
0.841357569153245 1
0.915454037512514 1
1.15371595631952 1
0.770346284477394 1
0.797795469465082 0
0.970651035736042 0
1.41670205848472 1
