0.926757310411001 1
1.1502657835933 0
0.639500970968337 0
0.96169232966959906 1
1.60728396954018 1
1.0446403476707 1
0.892954703672923 1
0.626630723556872 0
0.812473152926183 1
0.821657822620947 0
1.02318321178747 1
0.763465843143503 1
2.06468359170146 1
1.07018510806334 1
0.91698769367427 1
0.688327545102702 1
0.830171946655836 0
0.766048573636989 1
1.27985340018894 1
0.905617088115777 1
1.19666989111773 1
0.998386017154258 1
0.760203525269713 0
1.13431253130206 1
0.876762524487256 0
0.637624209575069 1
1.33017465745358 0
0.933561652481672 1
1.05041001937858 1
2.93328279585663 1
1.33874149293584 1
0.986220953546264 1
1.11063690739258 1
0.761083637379246 1
0.797152616461051 1
1.14956867986838 1
0.770639545004956 1
0.823542003955309 1
1.51920979906402 1
0.662031537575291 1
0.938872882593823 0
0.849148294042459 1
1.05207200025182 1
0.683424309785308 1
0.664728357477339 1
0.7474792172959 1
0.906156862028966 1
0.772715193083071 1
0.79794065997286 1
0.834058098841695 1
