0.788149261525962 1
1.63820516658063 1
0.927264396661783 1
0.664057705882862 1
1.10465925661284 1
1.17646561239881 1
1.04112972684164 1
0.711405077235011 1
0.825397887039105 1
0.789026605885435 1
0.728921997031914 1
0.911802433347197 0
1.19329169509144 1
0.835707170900268 1
0.834455963950988 1
1.01217879360097 1
0.9378325558495 1
1.13995835111999 1
0.952672956661629 1
0.833144010771412 1
0.674121979241849 0
1.42629846545984 1
0.680410546327062 1
1.00957684273898 1
1.23406986319831 1
0.732109803895402 1
1.08014402238038 1
0.95406366366897 1
1.95869306046868 1
1.14108917266655 0
0.824727780503818 1
1.067940851316 1
0.923806485619636 1
1.52841359476617 1
0.885665141066188 1
0.738905907119482 1
0.714326570383775 0
1.1394671155764 1
1.03194207981538 1
0.948326015752517 1
1.04148598731791 0
0.931427162032212 1
0.919699199644795 1
0.920584000388988 0
1.33019378505565 1
1.32498897609522 1
0.962699957261195 1
1.54143220877351 1
1.18341106726064 1
1.07429330643561 1
