0.722423247139734 1
0.700854910139489 1
0.721861641921776 1
0.620339482274395 1
0.893147729382495 1
1.1522417097135 1
0.790826032748291 1
0.759456459443528 1
1.14100235723873 1
0.643155154548268 1
0.823777885512555 1
0.703922167221752 1
0.97018818523102 1
0.923322034567717 0
0.683977041028243 1
0.821403732051577 1
0.83422387569912 1
0.980129705335277 1
0.674412983851124 1
0.826329936746076 1
1.45517648322422 1
1.05077521028073 1
0.775606495871514 1
0.641759810105224 1
1.89155656541362 1
0.83819258816166 1
0.82903278167265 1
1.60605508349756 1
0.985376740655805 1
0.996719322272587 1
0.748131988516591 1
0.65687418109562 1
0.792180277636001 1
1.24196254625192 1
0.892951983665487 0
0.710233751012447 1
0.829366523953399 1
0.749348381684265 1
0.751503502980647 1
0.687224632192878 1
1.1007266616827 1
0.897592917784485 1
0.826684403796912 0
0.812374418370212 1
0.661463022416538 1
1.03483030366032 1
1.06118164082463 0
1.34074883922715 1
0.74403729765845 1
1.09641148412789 1
