0.775189910240641 0
0.901158598973591 1
0.977731420560013 0
2.17725669619627 0
1.29870617004825 1
0.918657410916393 1
1.19297849180762 1
0.848441231705103 1
0.755207555933329 1
0.665772653633093 1
0.592764334290281 0
0.561504839881105 0
0.904427933602109 0
0.896882837869803 1
0.964761040580942 0
0.700450258654052 1
1.02534515164609 1
0.667302510555817 1
1.96653191614019 1
1.05668898200285 1
0.929492153585263 0
1.38075453295854 0
0.954834637744983 1
1.11878752269733 1
0.650952926803799 0
1.28258420871455 0
0.560659005449785 1
0.647431559843661 0
0.656940337711596 1
0.785518750970095 0
0.697161517120826 1
2.7159488047769 1
2.39119386974454 0
1.28878235507253 1
1.47646441723243 0
0.531126005767019 0
0.950142329315496 0
0.555118552128568 1
1.22359539658195 1
1.10668669808859 0
1.1034699262107 1
0.82824725388175 0
1.21965530559416 1
1.39105086794323 1
1.10463930553235 1
1.25321583459291 0
1.61339428467069 1
0.66443718839985 0
0.631307498938112 1
0.766698720372367 1
