0.606466917583625 1
0.778955581690977 1
0.748540488838314 1
1.22125640448927 1
0.55892978753665 1
0.623632878332009 0
0.614456155322262 1
0.582191793218044 1
0.852255919873137 0
1.07805796891255 1
0.761986117801871 1
0.613753844412507 1
0.878751778519637 1
0.578806318102584 1
0.668944107937112 1
0.655249997608696 1
0.745705505418685 1
1.43272319313448 1
0.645590193781805 1
0.852652624819983 1
1.02662417499541 1
0.752457833253867 1
0.576372274787839 0
0.972014518137946 1
0.833988117878075 1
0.836811152361999 1
0.655403514211118 1
0.86717309937593 1
1.15284736132932 1
1.09823321883142 1
0.574641173990838 1
0.624392510586094 1
1.05237175846524 1
0.662177343121092 0
0.661930957618753 1
0.676651660318664 1
0.67440706168895 1
1.12201340314104 1
0.664581370176573 0
0.864259071301429 1
0.618119231284465 1
1.22048781696598 1
1.81605050094113 1
0.887333677222074 1
0.556342265796299 1
1.15243549349934 1
1.07446100896546 1
1.2948182293253 0
0.77789765581784 1
1.20715696259935 1
