0.80287669623844 0
1.34556482658002 1
0.665592091667814 0
0.810515875311778 1
1.03260870119359 0
0.650235198317109 1
0.903325492220108 1
0.931512437265344 0
1.09718359251655 1
0.920551823659668 0
0.847116048617814 1
1.29514651472397 0
0.691091215696615 1
0.690229508125418 1
0.773782591493447 0
0.843676816854776 1
2.18923067566689 1
1.37043649489687 1
0.73517930698125 1
1.13943950814822 1
0.996355456109495 0
0.669146088490025 1
0.709269836687257 1
1.01750893764646 0
1.77050882821726 0
0.673894463643937 1
1.04093910595516 1
1.05610906385094 1
2.05805564926477 0
0.780003830077248 0
1.85044003447531 1
1.09903280288287 1
2.64560846582442 0
0.747964047045971 1
0.973457692899252 1
0.94903950323823 0
0.798654192110636 0
1.54280018041627 1
0.892406789268178 0
0.593264057637544 0
0.924488605690295 1
0.625264862123672 0
1.4457705105184 1
1.64038621676334 1
1.87841597856283 1
0.690539317978644 0
0.872007365243213 1
0.532578313034589 1
0.610706151122056 0
1.13197845544033 0
