0.762427796363358 1
0.82371614815382 1
1.12506494489586 0
0.858096742718947 0
0.777735571264762 1
1.44449570009693 1
1.01468981652201 0
0.731457184600409 1
0.994067442098619 1
0.654338151201977 1
0.630229990910999 1
0.729063019185559 0
0.744532913218588 1
1.52155204998469 1
1.17783377532987 1
0.887215493528595 1
0.793708930592254 1
1.71886762287199 1
1.1134331834542 1
0.753899661830375 1
0.71871503454369 0
1.07881828563167 1
1.11521719280675 1
1.09369533032697 1
0.611056382715251 1
1.09880757971736 1
0.843480437293225 1
1.14208853920385 1
0.682784377443641 1
1.10497273607521 0
1.51633545828024 1
0.846951037630479 0
0.920523727054639 0
0.922950810049818 1
1.47639029822308 1
1.53204556510557 1
1.16406053123801 1
0.66159384664571 0
1.60975858329109 0
0.643912133455254 1
2.16793467759621 0
1.21709106431611 1
0.991076634067601 1
0.684251431682264 1
0.893781284078809 0
0.865103857761683 0
2.39961499892869 1
1.62733445926559 1
0.764494001029171 1
0.792034976312998 1
