1.82939643241779 1
1.54074437934975 1
0.787950227169927 1
0.542442631497349 1
0.692148716804373 1
1.55024074294446 1
1.06936720930602 1
1.86145399121886 0
0.987426190911505 1
0.986500190724976 1
0.493453124327169 1
0.59742927379012 1
0.59989195166976 1
0.963544023248323 1
1.29894586702366 1
0.613227476027053 1
1.12266703892335 1
0.794600657334387 1
0.821991496045733 1
0.837897951843727 1
1.21209490398538 1
1.0993483636066 1
0.737327031411415 1
1.12263452177295 1
0.851343126193634 1
0.805018719383235 0
0.856966749114235 1
1.64612994311587 1
0.596714464198536 0
3.00329681659002 1
0.472191303186102 1
0.538503169409216 1
0.567021094899107 1
1.04850053047353 1
0.947447183476348 0
1.82242766003015 0
0.68322732638352 1
1.43229776790279 1
0.533233278137778 1
0.714528994820546 1
1.1286182590154 1
1.06059686461796 1
0.770593392886049 1
0.531503726434381 1
1.77329649685119 1
1.30720714254705 1
0.57205665814482 0
0.913495364691749 1
0.658570459625991 1
0.997698286494691 0
