1.05824485671799 1
0.870417461834866 0
0.772604218094831 1
0.746398427138661 0
1.2172402793726 1
0.848457060896763 1
1.1170666637459 1
0.99113963765467 1
0.849039688813195 1
0.622106558211973 1
0.593052133244525 1
0.691428729171794 1
0.657833921505768 1
1.28944622665775 1
1.48083780535818 1
1.48901923113964 1
1.3090364896333 1
0.643727778400353 1
0.622026774628908 1
0.701786097572681 1
1.80747447511009 1
1.20354608427843 1
0.629601376399072 1
0.808034420870377 1
1.11163630216622 1
0.834471282162159 1
0.671452754784306 1
0.762613991292902 1
0.829954002311319 0
1.12908612585976 1
2.1126250015366 0
0.870534702103882 1
1.24925494012527 1
0.634722272100879 1
0.706631064316738 1
1.22929555227626 1
0.744522460055759 1
0.744441853848971 1
1.91451630116526 1
0.930329889434323 1
0.662626497928272 1
1.07912204097438 1
1.56151524168581 1
0.756494295379749 1
0.721221270010887 0
0.802507002536827 1
2.84693889708551 1
0.799833810071016 1
1.14425019506918 0
0.840578828202568 1
