1.24130970873342 1
0.852156937427462 1
0.942412780526086 1
0.615964886564506 0
0.574400095189573 0
0.723634363180359 1
1.08653646990152 1
0.701247349266757 1
0.585139070301415 1
0.759928096950162 0
1.00461123788606 1
0.779815191516489 0
1.21520030784407 1
0.820718388874295 0
1.22237653485857 1
0.561888010402996 1
0.607015565838709 1
0.619678883890388 1
0.616543032280536 0
1.27763882399435 1
0.966323773749572 1
0.756246165166974 1
0.627093903526474 0
0.619112547975571 0
1.11016532378384 1
1.2389038184753 1
0.614807208653884 0
0.58984067967802 1
0.67179677316626 1
0.856448044614228 1
0.930047923610287 1
0.950514251909063 1
1.13181735877154 1
0.657883096589322 1
0.851436360010553 1
0.700919902154023 1
0.766199916998978 0
1.31571699183354 1
0.70931600079715 1
0.870924556366516 1
1.33268863692112 0
0.888384012285454 1
0.598430139350392 1
0.737061539324427 1
0.956298634406708 1
0.926776527677396 1
0.764402876835359 0
0.714545204421993 1
0.577663287593868 0
0.67031314493915 1
