1.59647583048814 0
0.806314552209092 1
0.616802246859449 1
0.7723940315631 1
0.714981233103554 0
0.669841891251141 1
0.885571253016764 1
0.684065590048497 1
1.07947800223574 0
0.756792480651456 1
1.14180097969261 1
0.649745294790407 1
0.851507038666697 0
0.648412772695099 0
0.991153286420801 0
1.01304090083192 0
0.839015677989009 1
0.597736003441706 1
0.767579544234613 1
0.651162345822265 1
0.512019151585287 1
0.993950332441406 1
0.569697208104302 1
0.852479569930173 0
0.606310131061327 1
0.939576471008805 1
1.06304589948362 1
0.650321369105895 1
0.660793923035406 1
0.987659074237721 1
0.69675187966611 0
0.806908039527108 0
0.736135221582633 1
0.949472877590042 0
0.580546430378266 1
0.587947465494831 1
1.39756514558366 0
0.561788063503403 1
0.626886644471322 1
0.516343446045703 1
0.80801628338436 1
0.687792806806925 0
2.16474700740238 1
1.2086703450564 1
0.592258576007762 1
0.72707828160186 1
0.929410531472067 0
1.10315360713213 0
0.660674037758638 0
0.776395340380778 1
