0.920528475183708 1
0.879078423455721 0
0.755828336014643 1
1.09446758622347 0
1.78566826147416 1
0.820317744364147 0
1.09808598696651 1
1.0117797423872 1
0.912736560699759 1
1.07386683898488 0
1.31703320372145 1
0.948419500481074 1
0.855035973182621 1
1.87417953666202 1
0.827196229195423 0
1.01759600365108 1
2.88108231497249 0
0.99763908006408 0
0.741084352630603 0
0.760307061868349 0
1.8317815437685 0
1.05133769595693 1
1.0761341717706 0
0.737875370611813 0
1.18951588493476 1
1.29204659792741 1
0.803723994577866 1
1.91570518671831 1
0.81961376132687 1
0.907184324787005 1
1.02527300891701 1
0.966737024162966 1
1.89801239716722 1
1.10242741043185 0
0.734421080138896 0
1.46497790279656 1
0.900287013991246 1
1.22373906325293 1
1.00610407960004 0
0.855119388963039 0
1.36761847606435 0
1.64763681480675 1
0.79166548619677 1
1.13288820358309 0
1.18822726884393 1
0.801366848478926 0
0.822012421139986 1
1.07854376471054 1
0.826139608753937 1
0.963251464267861 1
