0.595539260110196 0
0.584747765360405 1
0.573265242787072 1
0.647868061197881 1
0.854953290275368 1
0.716579444119962 1
0.792696024410528 0
0.601231730857656 1
0.711057830788991 1
0.691281281306331 1
1.40334578580805 1
0.905971258588252 1
0.652488742658984 0
0.724472237139753 1
0.639521743065941 1
0.794977180203687 1
0.66752351534131 1
0.862345524348761 1
0.887399139486946 1
0.595922483396874 1
0.792555999706146 1
0.774368269211505 1
0.767802748734556 1
0.661275558738044 1
0.896626861058332 1
0.647961231971641 1
0.647189594011285 1
0.606682366960682 1
0.586810251191165 1
1.14533554727335 1
0.690253789028803 1
0.7318120586329 0
0.639843001326214 1
0.593209221687527 1
0.642126651648749 1
0.585331245147138 1
0.691519497595646 1
0.646565060401878 0
0.777779543360804 1
1.01862573366963 1
0.697211187304698 1
0.647648002147262 1
0.672863516634068 1
0.689816733289623 1
0.573996512546155 1
0.677441578419088 1
0.680378128749163 1
0.8903875977918 1
0.651783508983786 1
0.763101561942737 1
