0.536769380978624 0
0.620497845220142 0
0.753176667458463 1
0.53362977334793 0
1.07284229601217 1
0.992501807434868 1
0.58087552865698 1
0.666400634699337 1
0.725886350129668 1
0.72769330323921 1
0.853682537423851 1
0.493353218489511 1
1.15901425837221 1
1.21874231863757 1
0.656530581208495 0
0.868138172796719 1
0.796877905163098 1
0.953502744668279 1
0.635438953566846 1
1.61200294335658 1
0.478225147213669 1
0.477617980303206 1
1.00363425887829 1
0.634314780141984 1
0.816061931840673 1
0.44463806791617 1
1.16606606029647 0
1.48456488612737 1
0.721089910518055 1
0.594623669811645 1
0.454186812288428 0
0.782227425095198 0
0.949290331391949 1
1.19421148236516 0
0.504953468696295 1
1.28508765306382 1
0.471759534731882 1
0.492727430873836 1
0.518182040748269 1
0.785644289976541 0
0.421376750614772 1
1.12327818832977 1
0.70591096402634 1
0.822431932696382 1
0.513546629212213 0
0.778222466773142 1
0.503504652399892 1
1.29100025264152 1
0.684690981616091 1
0.684444661181555 0
