1.37584292031924 1
0.973622885541176 1
0.840702378480214 1
0.903786912523088 1
1.36462859937678 1
2.73332963843671 1
1.73011968498932 1
1.02484798402157 1
0.98908547663699 1
0.93259321406405 1
0.767404484412963 1
1.23483080209044 1
1.32640866911498 1
2.44472497546907 1
1.39003833894056 1
1.00485644513812 1
1.27641384767752 1
1.09410772566585 1
1.25325733400875 1
1.19499297382632 1
0.862424059744564 1
0.920438900988442 1
1.04771766215225 1
0.955746761586502 1
0.884440298993821 1
0.958278371636171 1
0.934646409653098 1
1.55189204460864 1
0.894964077738224 1
1.35530479161443 1
0.832652655996875 1
0.979131081658037 1
0.871492247205899 1
0.926247888469546 1
0.818646408177928 1
0.984739763691136 1
1.21082339974643 1
1.46235501857937 1
1.33833057920241 1
1.16143924444057 1
1.00974852282201 1
0.905311512796805 1
0.791697364968041 1
1.07855550657084 1
1.00031190344967 1
1.52778074690756 1
0.826618423956987 1
0.807302420580397 1
0.820854596341337 1
0.9031294976708 1
