0.955019557270608 1
1.62472708561382 1
1.51817221279928 1
1.91410082242109 1
1.03506028057396 1
0.785872820069447 1
1.44805671257114 1
1.23502045495803 1
0.895241904582245 1
0.830489012245782 0
1.05391452071217 1
0.898590749755013 1
0.836984123669367 1
0.818444159125283 1
1.05169206497856 1
0.792693882778161 1
1.07870903961511 1
1.18336808776935 1
0.970121830649239 1
1.09114832759983 1
0.839832188214791 1
2.39446654655843 1
0.741707728672237 1
1.22321152486679 1
1.1270868297326 1
1.09792439072888 1
1.11090824038429 1
1.17750023455395 1
1.01580484568072 0
0.828371034312649 1
0.785611404406317 0
0.806662086106939 1
0.831074966179569 0
1.07693460118398 1
1.19405973250715 0
1.392915049125 1
1.52800515758972 1
1.42793776866053 1
0.879696570676751 1
1.04123394634219 1
1.1171299714635 1
0.821658816831503 1
1.23338833104209 1
1.23995578205802 1
1.92755529349302 1
1.26467803277478 1
1.01871320552827 1
1.62869491538396 0
1.09118035178336 1
1.34510103928606 1
