0.993473400969454 1
1.25089480594642 1
0.913727675836336 1
0.883527988989022 1
1.14719052438303 1
0.770271102218128 1
0.681754660297441 1
1.13485994334029 1
1.01985650825875 1
0.727041328391716 1
0.688661487549181 1
0.925166628233692 1
0.83519517218354 1
0.986847279491023 1
0.73162298746923 1
0.686876452750902 1
0.942862964762413 1
0.651892673420638 1
0.914489691053968 1
0.870291817122014 1
0.852940509570285 1
0.807556650031288 1
0.860166484092672 1
0.702320010809363 1
1.12006507840126 1
0.842607359360364 1
0.832990878965125 1
0.710708813855297 1
0.721209710107236 1
0.998578051725211 1
1.28349036247835 1
0.705980036367635 1
0.764261639863541 1
1.02696969298679 1
0.857430330777858 1
0.681785257235078 1
0.81780744665786 1
0.772584669995687 1
0.802121678292326 1
0.854982622109885 1
1.43559086342113 1
0.787316805365834 1
0.760179105918224 0
1.88765809898562 0
1.2995907904933 1
0.916859532485093 1
0.780898768379553 1
0.679334144851461 1
0.777742464007217 1
0.759332250840491 1
