1.22466213589813 1
0.9992276199343 1
0.950104771444341 1
1.23382241182643 1
0.736176546982636 0
0.905559241314765 1
1.05691161811049 1
1.06956178724494 0
2.65169008942092 0
0.791253031593408 1
1.80167283354009 0
1.78181226338941 1
1.15469320933558 1
1.04688682741963 1
1.16841881914981 1
0.776739978993776 1
2.74813378090384 1
1.45194374193152 0
0.904355787869771 1
0.829452250083955 1
1.04761502940138 1
1.00742456005871 0
1.27284986449715 1
1.1081225855341 1
0.757436252949611 1
1.19621907507459 1
1.14033089940389 1
1.24008934926125 1
2.42376909301317 1
1.79745812674127 1
0.865466625446055 1
1.36708889936645 1
1.27241555684507 1
1.537737746248 1
0.796516728430551 1
1.37739936573608 0
0.989654705929259 1
1.10246408642423 1
1.01335061223853 1
0.90931087298427 1
1.18856841910041 1
1.0117387684705 1
0.880584447434851 1
4.00468308669069 1
1.40077519708396 1
2.71870774052659 1
1.24508044547968 1
1.08128406733722 1
0.944791350166929 1
0.936482300521893 1
