0.753172709855546 0
1.20886277162815 1
1.52959409200078 1
0.957461094275473 0
1.02044409244852 1
0.629914915515364 1
1.05219470414916 1
1.00685752842746 1
1.28539200308054 1
0.927548370390705 1
1.92006935846788 1
1.12675163753833 1
1.13993731749205 1
0.662054950317146 1
0.837348447222341 1
0.670832515819708 1
0.941919399323805 1
1.02220079723893 1
0.638878322907436 1
0.840166304369219 1
0.575394959008687 0
1.93488549454501 0
0.961131408811103 1
1.45300979407085 1
1.21410738760211 0
1.40956682133097 1
1.03803033693371 1
0.887611351061292 1
0.705266096645411 1
0.933336533849903 1
1.0722681519917 1
0.53698751733431 1
0.887321103274197 1
1.63378232814166 0
0.672853758099377 1
0.666045960003219 1
1.08020107948844 1
1.10924225503179 0
0.983094009925185 1
0.699513711613525 1
1.23870811418623 1
0.64261331588369 1
0.54075588847552 1
0.666466265239262 1
0.968786127141471 1
0.827802272787014 1
0.940295791867066 1
0.893913797066237 1
1.06687912577588 1
0.609718971908622 1
