0.761462580248145 1
0.922537348601767 0
0.558581335184387 0
1.56768635093813 1
1.19783350023115 1
0.95893481048379 1
1.49025418599524 1
0.76979550968172 0
0.597585339557008 0
0.590007841657587 0
0.607245335635493 1
1.25920300176239 0
0.565399484606498 1
0.737606962539499 1
0.951056128854436 1
0.740386408179936 1
1.97691559850427 1
0.741550864659588 1
0.984431462589572 1
0.611923826013174 1
0.892568587944794 1
1.04535364594315 1
0.802485090636987 1
0.694542043873306 1
0.971084013712501 1
0.880251435616052 1
0.875099075004356 1
0.711057374534844 1
0.704796147030876 1
0.883877273006453 1
0.949276358211412 1
0.726306980999113 1
1.50244711113636 1
1.2627044223449 1
0.887206953943579 1
0.985007280178224 0
0.63326363270462 1
0.60664742723915 0
1.3572658823897 1
1.06933372418546 1
0.782218701018579 1
0.709675069157645 1
1.37460489973293 1
0.860484172846026 0
0.610343317673536 0
0.87805010048024 1
0.648169621631827 1
0.572939111647456 0
0.788823938005321 0
0.589042614547816 1
