0.642128765060872 1
0.567802943575017 0
1.02171463595543 0
0.870589839060499 1
2.18537309431286 1
1.48588829965979 1
0.515464232506268 1
0.68748521222272 1
0.739807514741945 0
1.13752485918905 0
0.636012393062555 0
0.833215796156701 0
1.21311105891113 1
0.736833091668824 0
0.52643435023681 1
0.71984195848976 0
0.684183485795305 1
0.582051412815805 1
0.501757309035577 1
1.09811321059752 1
0.761867794152261 1
0.707906353992003 0
0.68735053396307 1
1.53673309736185 1
0.547066373228788 1
0.647378236097716 1
0.638309939725073 0
0.490687310967068 0
1.05380010678222 1
1.1697729077584 1
1.45194256377947 1
1.08432710084509 1
0.643022097959454 1
0.702974190957922 1
0.927678795351573 1
0.795163825674207 0
0.758496618091633 1
0.535373622412348 1
0.568464143475371 1
0.541821707433556 1
1.18166869517501 1
0.806237794199404 1
1.07316668109144 1
0.64483593708676 1
0.591283102522693 1
0.803453415632615 1
0.856826576883112 1
0.649732689751198 0
0.593698980526202 1
0.569868501561393 1
