0.929075036748755 1
1.14283227151239 1
0.497347136588527 1
0.638071419843677 1
0.677848007871632 1
0.746974853032342 1
1.19024402555742 1
0.537375503927583 1
0.52340333181757 1
0.826207812931755 1
0.680159498683108 1
0.559001244781755 1
0.484596155623402 1
0.918012046131985 1
0.50640070708133 1
0.980987729682544 1
0.587135095197791 1
1.05023207971607 1
1.02131406876527 1
0.904054056614979 1
0.516500177687063 1
0.935648515935743 0
1.0282568496092 1
0.636364588117904 0
2.19033805429944 1
1.04092475623574 1
1.59513050960674 1
0.710562647499648 1
0.657055059635382 0
0.721180996179422 1
0.688688733618641 0
0.827532983983407 1
0.487874013903668 0
0.913250029935843 1
0.950181016644488 1
1.01896018610582 1
0.753024700484515 1
0.579874442253397 0
0.519299109654646 1
0.465163933472798 1
0.815554737616354 1
0.724393889137233 1
1.10518373396185 1
0.516659372678638 1
0.593468195761895 1
0.669502281696396 1
0.581607348919516 1
0.880254421215193 1
1.27130512290111 1
0.673178615576146 1
