1.49310180702492 1
1.24940524224533 0
0.58608286828927 1
0.472607911706169 1
0.553330028276653 0
0.927524210237659 1
0.918790322699109 0
0.804937385354602 0
2.42582926582385 0
0.654202937493622 1
0.585664847252091 1
0.739417451128047 0
1.9707749454937 0
0.584499899895075 1
0.536981350125544 1
0.957113727110258 1
0.502796891851789 0
1.38697863873838 0
0.524239961002176 1
0.537274725863606 0
0.608514917873846 0
0.805461253294925 1
1.20124351521564 1
0.510956582746974 0
0.626340594627747 0
0.614801763308012 0
1.08936948724665 0
0.784324043240762 0
0.636112742562162 0
0.724285687150354 1
0.425548071275955 1
1.03205130129774 1
0.900508634425549 0
0.77986976611115 0
0.839976877351414 1
0.850646778991456 0
2.17553903602054 1
1.11483146084946 1
0.882170774559558 0
0.598896868643666 1
1.15500212976418 1
0.737632063942697 1
0.557663643471774 1
0.57252433676233 1
1.68994090076405 0
1.45380444789114 1
0.606318017355403 1
1.47375606956481 1
0.984348213871295 0
1.46594323709906 1
