0.642247994035094 1
1.05579809296305 1
1.53597671354911 1
1.00288864580781 0
0.825613347125757 1
1.00671198015057 1
0.984025184540946 1
0.555709635549511 1
1.27883797648861 1
0.533212132104493 1
0.605409441606557 0
0.54167943634008 0
0.567292749298882 1
0.557252011005832 1
0.555808023175286 1
0.545096142246764 1
0.561242841449379 0
0.985873467837078 1
0.574007468202087 0
0.560998009368405 0
0.97966211897742 1
0.678470518831042 1
0.634024830396768 1
0.580464900124219 1
0.694968318009901 0
0.552781682520357 0
0.551909733743541 1
0.693523497417437 1
0.786646830462125 1
0.613121530929727 1
0.610178835826021 1
0.785834807641294 1
0.570903225124926 0
1.26392468452105 0
0.53085879800388 1
0.747184181870424 1
1.15010331603063 1
0.609299087633059 1
0.69349813842611 0
0.623327303613457 1
0.754279159592136 1
0.554477347796699 1
0.915207732472992 1
0.639991416907589 1
1.49765160958983 1
0.635844683783047 0
0.85372376415713 1
0.79610275799435 1
0.560726113617988 1
0.535554942324445 1
