1.0829555645055 1
2.25189517273998 1
1.48814091592607 1
0.724329374882285 1
0.772220190157476 1
1.07775010070428 1
1.37998024191285 1
1.20111793147887 1
1.42433557867381 1
0.976434610360387 1
1.15467627570148 0
0.667511098977441 1
0.682640690954596 0
1.1710837152413 1
0.792838740772894 0
1.11572503447398 1
0.935875341959614 1
1.12084346155461 1
0.628899879118964 1
1.20382543955033 1
1.13763732892851 0
2.05532817771638 1
0.745107664364745 1
0.827058139070103 1
0.795352746501091 1
1.27652205309191 0
0.742761109667599 1
1.55727396331379 1
0.933307266473279 1
1.3875677943351 1
1.50813993462826 1
0.74060167925608 0
0.821567534348895 1
0.883893682729989 1
0.70424182655174306 1
0.849760545864049 1
1.15719091287006 0
0.808950121978528 1
0.952489632572906 1
0.913966499663656 1
0.963058677225828 1
0.860837367447104 1
0.612383975141475 1
0.702426183107722 0
1.08000681561148 1
0.933649564623247 1
1.01983728126098 1
0.868308365345822 0
0.798850483902059 1
0.683753160280316 1
