0.765276056881185 1
1.81448530941239 0
0.917461153756797 1
1.46914731846161 0
0.994677543459238 1
0.967091397193587 1
0.73970774106947 1
0.624287664017924 0
0.706375092312317 1
1.33647143563645 0
1.19452497100658 1
1.86864770293826 1
0.832410354848538 1
0.737373086780826 1
1.48360750543913 1
0.812501522599295 1
0.821378115706248 0
0.853895644060143 1
0.991977274373848 1
0.707542597593877 1
1.58297504452947 1
0.744361850575026 1
0.914782667296589 1
0.755828642533331 1
0.696543775167666 0
1.47263314908715 1
1.44905283167194 1
0.804795511198685 0
0.62297284390459 0
0.657014339219551 1
0.670878716844877 1
1.14683191324329 1
0.999851792572717 1
0.642107984010202 0
1.34334630604773 1
0.677549518589102 1
0.756019513576412 1
0.681559649981518 0
2.36809120160663 1
1.24951297635576 1
0.8338277770553 1
0.812429505452315 1
0.710677397757414 1
1.61353613992074 1
1.38073045653899 0
0.805196770709822 1
0.718682643177917 0
0.608527409624022 0
0.818133481921511 1
0.829478294031028 1
