0.898169684614208 0
0.657584513713509 0
0.589522588676936 1
0.553677090813129 1
0.558612804428757 1
0.711872445606611 1
0.733618198432912 1
0.509399306271827 1
1.3318234122219 1
1.12495882187355 1
0.546681547426506 1
0.549870092038532 1
0.650588338617625 1
0.56821716345744 1
0.722696584147332 1
0.552148760303836 1
0.919484451423205 0
0.631900551311211 1
0.749751477146727 1
0.717487419943114 0
1.09632678511001 1
0.965278396941526 1
0.660474346300557 0
1.13907890220381 1
0.526621186872752 1
1.02559942743035 1
0.864981843571977 0
0.555853925958435 1
0.641513781114987 1
0.523992955054933 1
0.545513504006193 1
1.47731332293093 1
0.692052544836048 0
0.595667038903757 1
0.598283051243274 1
0.990579913976504 1
0.778765367915799 0
0.693376193758965 1
0.914883913210769 1
0.684904813619444 1
0.691568611694919 1
0.738367091065993 1
0.697724191942265 1
0.556164802022508 1
0.575803017935509 1
0.660869595198993 1
0.550886277551162 1
1.04271860653551 1
0.664703574419994 1
0.666892561078869 0
