1.64853600831922 0
0.846979512765845 1
0.377431077871673 1
0.396931370126454 1
0.66715914182014 1
0.52477791447232 1
0.4487460605998 1
0.753270101906082 0
0.350761995526012 1
0.351166038482284 1
1.11313123902395 0
0.78708561527426 0
0.594039965336386 1
0.601930004707405 0
0.682502679396785 1
0.822152447114614 0
0.558581847221541 1
0.432136461035441 1
0.880887962664205 1
0.428304392043758 1
0.680589925227754 1
0.483413911423671 0
0.832635161859355 1
0.333553733844624 1
0.522036034309879 0
0.39272751419321 0
0.602017724376064 1
0.883329227994614 1
1.82476685010893 1
1.0416568774111 1
0.677597663829382 1
0.645133782858143 1
1.09847660921169 0
0.752151104242395 1
0.661562318249732 1
0.385787449879648 1
0.406118364469669 1
0.354768916502749 1
0.471028474400399 0
0.443796065617195 1
0.532128197059322 1
0.628548669262163 1
0.737321883155798 1
0.501065689868976 0
0.435786560380802 1
0.709776242364266 1
0.450848620426887 0
0.535218440422256 1
0.340485755857994 1
0.406729420605024 1
