0.748631605915271 1
1.03683012069744 1
0.643918604558944 1
0.680849837851719 0
0.695238834665861 0
0.821705416007337 1
0.985651305077052 1
0.707255433305007 1
0.728759886143514 0
0.681258617631719 0
0.858008658452301 1
0.789793365638234 1
0.694464165044771 0
1.08228625079024 1
0.967459294577604 1
0.74181570975244 0
0.94562389388319 0
0.672258303422985 0
0.766253768652811 1
1.13460400782364 0
0.856207894093947 1
0.837998420536721 1
0.89164409474998 1
1.21218797859789 1
0.68560883559843 0
0.869844622884442 1
0.691588738779819 1
0.76810772985881 0
0.653259847187244 1
0.614350160914427 0
1.01104559937582 1
0.67472374365906 1
0.612073922271773 0
0.736320011066659 0
1.14864898364565 0
0.656332735732751 1
0.687879838696713 1
1.28082317590478 1
0.71681159148687 1
0.878244617799304 1
0.636940906279998 0
1.08130326351535 1
0.712592470561959 0
0.628662081580695 1
1.21561595907604 1
0.736967378993168 1
0.929125609580957 1
1.08832268271493 0
0.847489209804946 0
0.770263441314845 1
