1.02900281929121 0
1.02933913768726 0
0.706466893648426 0
1.27677050430005 1
0.780203601276697 1
0.919687717115272 1
0.726943114559846 0
0.96032208997213 1
1.30491763435337 1
1.81461755075468 1
1.94744262547129 1
0.760995186741808 1
0.879852795132082 1
0.692560920370263 1
1.03253936050407 0
0.910880615627817 1
0.646763376725437 1
0.630238550249558 1
0.929903799420399 0
0.647982892046748 1
0.616100047520761 1
0.769455469325057 1
0.837881207692843 1
0.872272738521286 1
0.972864684090616 1
0.620233677001527 1
1.32886465377482 1
1.06099819116237 1
0.773364101163968 1
1.43844531276958 1
1.48948933952772 1
0.727577350122005 1
0.703266476265725 1
1.42820235877797 1
0.777513707562715 1
2.48762510196848 1
0.642180766978217 1
0.625471385066731 1
1.09739207562971 0
1.10749406830991 1
1.37162248634412 1
1.1078567242698 0
0.685635288399172 1
0.809832361152564 1
1.37519114305056 0
1.00248156745744 1
1.14176141604295 1
0.841033438989055 1
0.625901287761308 1
0.782107548988545 0
