0.973195806161932 1
0.884532891505718 1
0.833691610711151 1
2.03484642961289 0
1.01694373203175 1
1.09036340671133 1
1.24430700906565 1
1.16419507422609 1
1.65612662286957 1
1.47051976424576 1
1.17379013813308 1
0.81377675170961 1
1.12666375816191 1
0.861038916907385 1
1.17194310243048 1
0.8352020351093 1
1.2412693030528 1
1.00055947740439 1
1.14724963628006 1
1.94110484130635 1
1.13922119157422 1
0.741246037949744 1
1.29836204312152 1
1.13844848989457 0
1.59256338124508 1
0.764877698166459 0
0.964601172522601 1
1.7631957001346 1
2.18261041177881 1
0.840103581539281 1
0.830553746100912 0
0.823676288586104 1
0.856863182231838 1
0.800296144366035 1
1.03024408825018 1
1.22159694732534 1
1.07721437300014 1
1.06400311594647 0
0.950453957646662 1
0.744968773618898 1
1.41798359179141 1
1.00959419220296 1
1.30246137405411 1
0.891411480747192 0
0.759582762567859 1
0.858195074725825 1
1.24080361354271 1
1.42358364912915 1
1.19980141391718 1
0.969898856428186 0
