0.878646282430901 1
1.38004322247946 1
1.36602007048945 1
0.662871655871341 1
1.43992712836621 1
0.726485767363581 1
1.09619364903328 1
0.930006160042179 0
0.993055317994918 1
1.13390362825849 1
1.29335974724428 1
0.927656659635244 1
1.65199814123334 1
0.644620531906619 1
0.656739303340965 1
0.918584110271786 1
1.32615936217899 1
0.726816231369588 1
0.817215292347994 1
1.1612960949574 1
0.823528490091479 1
0.917038900691815 1
0.957755330254902 0
0.794931634165108 1
0.756868301139036 1
0.624459012274939 1
1.16746477060956 1
0.902591484401331 1
0.744584958762188 1
0.765710175872541 0
0.810247141601061 1
1.58673371392101 1
0.894686967851653 1
1.04468153457879 1
0.874587740358883 1
1.46671043052915 1
1.25865053457454 1
0.896848767173455 1
0.725413136848179 1
1.13626697521819 1
0.794094018051119 1
0.763177480649981 1
0.723070886768694 0
1.42985638339693 1
1.10380883829736 1
1.37126904181433 1
2.0299493041588 1
1.7000812835854 1
1.19317547490487 1
0.881240748907149 1
