0.867777027562096 1
0.900216617302823 1
1.9225758356014 0
2.09395151219011 1
0.748043823132206 1
1.61197536598771 1
1.00772364186881 1
1.06224081809169 1
0.78170339290181 1
0.91799431779765 1
1.25601450273748 0
1.10844751657278 1
1.00214441969051 1
1.44784763773802 0
1.10800869803492 1
0.886344460814604 1
1.30495131131872 1
0.900169427097835 1
1.40506298699409 1
1.20318507757011 1
0.816603762240471 1
0.896674980638291 1
1.45314840169716 1
1.04702623637146 1
1.89285281057693 1
1.17166536876528 1
1.64501024190906 1
0.843543904158945 1
0.893427476851026 0
0.971995291570134 1
0.730551836074685 1
2.19897477112384 1
1.40996735518851 1
0.83739710637673 1
1.14938391161962 0
1.41018813554418 1
0.778238739148375 1
0.765568516710612 0
0.876974418390764 1
1.6946917874162 1
0.848507155686277 1
0.771928711423934 0
1.46088916815848 1
0.759638565167758 1
1.27749316581156 0
0.709735742006295 1
0.789355361037008 1
1.09628639567293 1
1.31948367757097 1
0.881288685197005 1
