0.922585085758833 0
0.812194468189796 0
0.896293803462185 0
0.795535578173993 0
1.31521469104818 1
1.1289898671503 1
0.747801959140097 1
0.959380455989997 0
0.798930753083847 1
0.641725550645619 1
0.662835192470302 1
0.795155788268336 1
0.838608654326009 0
1.27727427532863 1
0.827149731394572 1
1.05912558273202 1
0.883562505746035 1
0.69242861970921 1
1.30211580630555 0
1.00404177074128 1
0.855102319745996 1
0.843728227098142 1
0.790370828318908 1
1.38883180206704 1
0.758434567044541 0
1.07777419472132 1
0.835143099718513 0
1.11682121357076 1
0.791842538342778 1
1.03527900636845 1
0.909704732190129 0
0.683017742510999 1
1.13361938933636 1
1.02589819767444 1
0.930181404310573 1
0.727964174657514 1
1.14790091110925 1
1.4582843860741601 1
0.71535804021173 1
1.24986588822552 0
0.915860069847755 0
0.990947540602272 0
1.06910632443501 1
1.56625816546919 1
0.766094720867356 1
1.84062108546718 0
0.953185005709514 1
0.998598305075771 0
1.5480084018652 1
0.731864633382332 1
