0.433033551667803 1
1.13010586873855 1
0.916120994855734 1
0.444700584132214 1
0.69403825762747 1
0.986643085259665 1
0.746219594727689 1
0.461713589819592 1
0.802744299209791 0
0.885588058943204 0
0.835133811406725 0
0.829208771814532 0
0.601566848454616 0
0.638597387119338 0
2.37067876825268 0
1.04419383943253 0
0.616171662893874 0
1.1261900438605 1
0.858714388986832 1
0.611739755786933 1
0.500099264895118 0
0.892734294527 1
0.987907813596824 1
0.858548887974658 0
0.539684800724742 1
0.597248764600122 0
0.851980628580888 0
0.876572432649634 1
0.49319730912929 1
0.471681365099537 1
0.659253444048232 1
1.66297615877979 1
0.669923498454005 1
0.564485161089085 1
0.741150592054025 0
0.597265305687183 0
0.576290767228868 1
0.579297440855211 1
0.873808881638836 0
0.488023380596059 1
0.478237360420138 1
2.04371208096603 1
0.69896299842058 1
0.570679474247326 1
0.734020331771309 1
0.404037801577326 1
1.12584188433723 1
0.856065480171237 0
0.690442428612506 1
1.82792777844912 1
