0.812687387462688 1
0.569764216829352 0
0.573014164553965 0
0.765376203366254 1
0.530170379348808 1
1.11612105556015 1
0.957775483524691 1
0.910287176133853 1
0.614869455707064 1
0.558980951901567 1
1.34489784131946 1
0.770569987222476 1
1.10890321196311 0
0.610870069366031 1
0.58675116841533 1
0.615935473326549 1
0.797907975514907 1
0.553337737430245 1
0.558756991218618 1
0.549500050393917 0
0.797973559211794 1
0.790872405694758 0
0.633017547668131 0
1.01117815516952 1
0.713290426014913 1
0.781597089249241 1
1.44197493230869 1
0.591652359327911 1
1.30031192975845 1
0.663579113536257 1
0.992315814550751 0
0.605784328197682 1
1.10246955635674 1
1.57744396229505 1
0.555295584411475 1
1.05406228156959 1
0.615059124444387 1
0.675368670938033 1
0.594905831897103 1
0.473452191052101 0
0.839796054482565 1
0.538660222470062 1
0.543082287532941 0
0.830168269991525 1
0.706319013230146 1
1.54299671007465 1
0.675476981359805 0
0.851057958735202 1
0.8200080260276 1
1.05802212957459 1
