1.17538697656398 0
1.58529114490513 1
0.980059223925453 1
0.773169364468696 1
1.22536462348885 1
0.791724060940329 0
0.932211735334662 1
0.63968456676329 0
1.08976882730096 1
1.59855070016005 1
0.601350792292314 1
1.45054844798645 1
1.13923097640833 1
0.647979113441127 0
1.02906306120271 1
0.789338768265592 1
0.976569254585568 1
1.32960053190268 0
1.20233731119721 1
1.12993616959276 1
1.10511900614248 0
0.763081102811248 0
2.22102024634773 1
1.38016424040323 0
1.04863461298654 0
0.631120307074936 1
1.62620592682472 0
0.740711792066574 0
0.738812431853055 1
0.711654639168855 1
0.81725274102637 1
0.974064089513829 0
0.768114300439676 0
1.38221714087878 1
0.744515587625519 0
1.17385747465253 1
1.13116230396156 1
0.77753691789001 1
1.05865631193713 0
1.42220117528308 0
2.10670420913578 1
0.715615095294912 0
0.707890215019757 1
0.921396133628568 1
1.55075205952701 0
0.626400076240003 1
0.859790406523011 0
1.19555332520617 0
0.755601179440184 1
0.784023547577761 1
