0.700842280045173 1
1.20489571541153 1
0.721772437631087 0
1.12921953182981 1
0.833170060032285 1
0.939693718695764 1
0.716443431067365 0
0.782699472793761 1
0.78384809275233 1
0.622271900965288 0
0.845924324372642 1
0.824235323099214 1
1.09334252780127 1
0.814987107761451 1
0.730939115986 1
0.701388384539442 0
0.738424371448404 1
0.588792266149722 0
0.704204329456539 1
0.750207310946752 0
0.630030319643037 1
0.958091346680826 0
0.665332676038138 1
0.90010136806804 1
0.995644715236609 0
0.753509007895635 0
1.19623039044939 1
0.748261703195903 1
0.642236577131251 1
0.679623208666069 0
0.803648840221224 1
0.662953005335469 1
1.26150983212127 1
0.991309630733457 1
0.994586486051346 1
0.673246575090411 1
0.91489083828306506 1
0.744920624544228 1
1.4360329150217 1
1.06151748864256 0
0.981762487621478 0
0.774234581375725 1
0.631846361743808 1
0.582946889623463 1
1.24121442605079 1
0.91217702031255 1
0.613844307662508 1
0.755861402340967 1
0.67409599134624 1
1.11320636294159 1
