1.08899648848567 1
0.863275950309883 1
0.776223493982239 1
0.551566926985721 0
0.526646026786246 0
0.726821595329605 1
1.67868042036639 1
0.652679500410481 1
0.69081748536405 1
0.673568961913166 1
0.586661635316168 1
0.527569547534027 1
0.723783390752728 1
0.754303831548795 1
1.55278732522654 1
1.02816982391285 1
0.564081627004752 0
0.578716647456678 1
0.675350326509162 1
1.61915630213134 1
0.715882209129459 1
0.828029040394227 1
0.981912487234508 1
0.599125724382445 1
0.510824892726116 0
0.797259088287758 1
1.20122413853828 0
0.62787081118904 1
1.47189160092838 1
1.68796941256574 1
1.03702891895311 1
0.552708278378814 1
1.21099075414394 1
1.71421461840501 0
0.819123471528467 1
0.716434809105841 0
0.666705280531847 1
0.625090945664261 0
0.520138335043753 1
1.24244122771255 1
0.654683635075529 1
0.573157004430984 1
1.21957821549265 1
0.623992018819373 1
0.865317238420835 0
0.656132647573677 1
0.861402252005846 1
0.662619078883931 1
0.604175323378723 1
0.783885982205724 1
