0.858680907564598 1
0.682079607491765 0
0.742358929257553 1
0.687350239981813 0
0.991792743224514 1
0.733500064026502 1
1.02066887159837 1
0.798482824433181 0
0.74011638529871 1
1.1627223027068 0
1.20126048145459 1
0.669246263614043 1
1.68836628782039 1
0.743250897246181 0
0.905203002788489 0
0.677557337018732 0
2.08060289434016 1
1.21900912396671 0
0.768387123325973 0
1.37053466617984 1
1.45954782229953 0
0.77440498036544 0
0.685342291503402 0
1.05197890775404 1
0.833586615363117 1
0.656025045067429 1
1.22605656676285 1
1.50037232039978 1
1.64559698562163 1
0.663893628922506 1
1.08364909935319 1
0.674353900024863 1
0.927542208980544 1
0.770160833254413 0
1.17242471901404 0
0.889170858576263 1
0.673506518032828 0
1.33573134610372 1
0.605158746807308 1
2.07835581005052 1
1.47114885158822 1
0.553944530682802 1
0.628449025423214 1
0.651990404382294 0
1.40602972152467 1
0.717541875020083 1
1.67956500869925 1
0.627826808109326 0
0.698159469784481 1
3.84943524904558 1
